repeats,epochs,batch,output_dims,output_model,tasks,height,width,lines,control.cpu_cycles,managed-no-prefetch.cpu_cycles,managed-prefetch.cpu_cycles,proto-no-prefetch.cpu_cycles,proto-prefetch.cpu_cycles,coro-no-prefetch.cpu_cycles,coro-prefetch.cpu_cycles,control.instructions,managed-no-prefetch.instructions,managed-prefetch.instructions,proto-no-prefetch.instructions,proto-prefetch.instructions,coro-no-prefetch.instructions,coro-prefetch.instructions,control.d_cache_reads,managed-no-prefetch.d_cache_reads,managed-prefetch.d_cache_reads,proto-no-prefetch.d_cache_reads,proto-prefetch.d_cache_reads,coro-no-prefetch.d_cache_reads,coro-prefetch.d_cache_reads,control.d_cache_misses,managed-no-prefetch.d_cache_misses,managed-prefetch.d_cache_misses,proto-no-prefetch.d_cache_misses,proto-prefetch.d_cache_misses,coro-no-prefetch.d_cache_misses,coro-prefetch.d_cache_misses
10,10,100,1,0,2,200,4,1,1553039,0,0,0,0,6528975,6543340,5864292,0,0,0,0,21518303,23918237,28774,0,0,0,0,38449,37604,5640,0,0,0,0,9749,9568
10,10,100,1,0,2,200,8,1,1786054,0,0,0,0,6623528,6784795,6664292,0,0,0,0,23118303,25518237,101673,0,0,0,0,111504,111007,11379,0,0,0,0,16006,15527
10,10,100,1,0,2,200,12,1,2440375,0,0,0,0,7447044,7594388,10064292,0,0,0,0,26318303,28718236,170313,0,0,0,0,177324,175618,16505,0,0,0,0,21417,21455
10,10,100,1,0,2,200,16,1,2105691,0,0,0,0,7008454,7212257,8064292,0,0,0,0,24518303,26918236,226951,0,0,0,0,238480,236723,20579,0,0,0,0,27081,27841
10,10,100,1,0,2,200,20,1,2793010,0,0,0,0,7855344,8035899,11464292,0,0,0,0,27718303,30118236,299046,0,0,0,0,306324,306951,26651,0,0,0,0,33052,32504
10,10,100,1,0,2,200,24,1,2666749,0,0,0,0,7447009,7639919,9464292,0,0,0,0,25918303,28318236,332360,0,0,0,0,350370,350147,33841,0,0,0,0,42570,42017
10,10,100,1,0,2,200,28,1,3171793,0,0,0,0,8470954,8483082,12864292,0,0,0,0,29118303,31518237,385482,0,0,0,0,398860,398906,42005,0,0,0,0,50501,50270
10,10,100,1,0,2,200,32,1,2899696,0,0,0,0,8103417,8074909,10864292,0,0,0,0,27318303,29718236,444017,0,0,0,0,477613,478241,47786,0,0,0,0,56685,56263
10,10,100,1,0,2,200,36,2,3584979,0,0,0,0,9128685,9283507,14264292,0,0,0,0,30518303,33718237,481091,0,0,0,0,503117,508912,56303,0,0,0,0,65267,66533
10,10,100,1,0,2,200,40,2,3331330,0,0,0,0,8671414,8866575,12264292,0,0,0,0,28718303,31918236,521360,0,0,0,0,554340,557145,63474,0,0,0,0,73993,72836
10,10,100,1,0,2,200,44,2,3971942,0,0,0,0,10062198,10336205,15664292,0,0,0,0,31918303,35118237,575628,0,0,0,0,602836,607947,71372,0,0,0,0,83171,84972
10,10,100,1,0,2,200,48,2,3808179,0,0,0,0,9350677,9505564,13664292,0,0,0,0,30118303,33318237,617220,0,0,0,0,653232,653671,78123,0,0,0,0,88953,88300
10,10,100,1,0,2,200,52,2,4428183,0,0,0,0,10541334,10639750,17064292,0,0,0,0,33318303,36518237,694564,0,0,0,0,744374,749387,90307,0,0,0,0,99774,99843
10,10,100,1,0,2,200,56,2,4281757,0,0,0,0,10002863,10435474,15064292,0,0,0,0,31518303,34718237,713028,0,0,0,0,751759,751707,92244,0,0,0,0,105973,110138
10,10,100,1,0,2,200,60,2,4986700,0,0,0,0,11009011,11294198,18464292,0,0,0,0,34718303,37918237,790863,0,0,0,0,848319,854111,104102,0,0,0,0,115176,120405
10,10,100,1,0,2,200,64,2,4719840,0,0,0,0,10668603,10797235,16464292,0,0,0,0,32918303,36118237,805655,0,0,0,0,855483,854138,108405,0,0,0,0,124172,122739
10,10,100,1,0,2,200,68,3,5306935,0,0,0,0,11680419,12037199,19864292,0,0,0,0,36118303,40118237,882020,0,0,0,0,958413,963655,121754,0,0,0,0,138179,137134
10,10,100,1,0,2,200,72,3,5280572,0,0,0,0,11312828,11761700,17864292,0,0,0,0,34318303,38318237,940357,0,0,0,0,1010287,1018702,127585,0,0,0,0,142161,142550
10,10,100,1,0,2,200,76,3,5762570,0,0,0,0,12370455,12692978,21264292,0,0,0,0,37518303,41518237,934466,0,0,0,0,997576,1009717,129475,0,0,0,0,151844,147478
10,10,100,1,0,2,200,80,3,5514539,0,0,0,0,11978234,12802153,19264292,0,0,0,0,35718304,39718237,996105,0,0,0,0,1049685,1062086,119330,0,0,0,0,155276,171095
10,10,100,1,0,2,200,84,3,6242646,0,0,0,0,12998963,13698381,22664292,0,0,0,0,38918303,42918237,1032737,0,0,0,0,1094282,1113445,142990,0,0,0,0,168494,175370
10,10,100,1,0,2,200,88,3,6161771,0,0,0,0,12672542,12951181,20664292,0,0,0,0,37118303,41118237,1091966,0,0,0,0,1148130,1159755,140482,0,0,0,0,179115,177146
10,10,100,1,0,2,200,92,3,7089903,0,0,0,0,14015964,14158226,24064292,0,0,0,0,40318303,44318237,1116390,0,0,0,0,1195124,1211725,162729,0,0,0,0,181365,181700
10,10,100,1,0,2,200,96,3,6678937,0,0,0,0,13795207,13752595,22064292,0,0,0,0,38518303,42518237,1181034,0,0,0,0,1246696,1255474,164176,0,0,0,0,222765,193110
10,10,100,1,0,2,200,100,4,7267033,0,0,0,0,14584397,15111450,25464292,0,0,0,0,41718304,46518237,1218449,0,0,0,0,1298125,1310187,184093,0,0,0,0,214931,222215
10,10,100,1,0,2,200,104,4,7181957,0,0,0,0,13971944,15080551,23464292,0,0,0,0,39918303,44718237,1273240,0,0,0,0,1345780,1369661,188275,0,0,0,0,227534,248537
10,10,100,1,0,2,200,108,4,7873572,0,0,0,0,15028471,15588842,26864292,0,0,0,0,43118303,47918237,1342996,0,0,0,0,1476754,1488987,202481,0,0,0,0,238760,235196
10,10,100,1,0,2,200,112,4,8219218,0,0,0,0,14440221,14991029,24864292,0,0,0,0,41318303,46118237,1367045,0,0,0,0,1442465,1473927,206486,0,0,0,0,231761,226745
10,10,100,1,0,2,200,116,4,8266050,0,0,0,0,15709338,19487172,28264292,0,0,0,0,44518304,49318237,1393811,0,0,0,0,1494737,1517629,217865,0,0,0,0,269517,269173
10,10,100,1,0,2,200,120,4,8186208,0,0,0,0,15404955,15723858,26264292,0,0,0,0,42718304,47518237,1488576,0,0,0,0,1599403,1627148,217746,0,0,0,0,279404,260772
10,10,100,1,0,2,200,124,4,8761461,0,0,0,0,16399722,16726107,29664292,0,0,0,0,45918304,50718237,1469601,0,0,0,0,1602829,1617964,227918,0,0,0,0,287557,276663
10,10,100,1,0,2,200,128,4,8725517,0,0,0,0,16824922,16378348,27664292,0,0,0,0,44118303,48918237,1619591,0,0,0,0,1736674,1766122,241620,0,0,0,0,347217,299236
10,10,100,1,0,2,200,132,5,10613382,0,0,0,0,17546349,18833416,31064292,0,0,0,0,47318304,52918238,1594359,0,0,0,0,1709557,1682032,282081,0,0,0,0,320945,316536
10,10,100,1,0,2,200,136,5,10050559,0,0,0,0,16712427,18070315,29064292,0,0,0,0,45518304,51118238,1661115,0,0,0,0,1737612,1747529,276274,0,0,0,0,330643,324961
10,10,100,1,0,2,200,140,5,10321597,0,0,0,0,17915380,18406629,32464292,0,0,0,0,48718304,54318237,1703156,0,0,0,0,1905014,1873720,323077,0,0,0,0,393663,367859
10,10,100,1,0,2,200,144,5,10108224,0,0,0,0,17475865,18024481,30464292,0,0,0,0,46918303,52518237,1746899,0,0,0,0,1850318,1846779,315299,0,0,0,0,357690,360982
10,10,100,1,0,2,200,148,5,11605187,0,0,0,0,18503370,18961048,33864292,0,0,0,0,50118304,55718237,1796328,0,0,0,0,1990871,1966750,357332,0,0,0,0,401234,392204
10,10,100,1,0,2,200,152,5,10624893,0,0,0,0,18201727,18695539,31864292,0,0,0,0,48318303,53918237,1839648,0,0,0,0,1953247,1951307,336209,0,0,0,0,390847,385534
10,10,100,1,0,2,200,156,5,11227186,0,0,0,0,19386891,19907187,35264292,0,0,0,0,51518304,57118237,1880484,0,0,0,0,2109850,2082871,358562,0,0,0,0,477442,516457
10,10,100,1,0,2,200,160,5,11598894,0,0,0,0,19079591,19555515,33264292,0,0,0,0,49718304,55318237,1979524,0,0,0,0,2129886,2120348,358038,0,0,0,0,469149,504748
10,10,100,1,0,2,200,164,6,12016564,0,0,0,0,20204550,20760267,36664292,0,0,0,0,52918304,59318238,1973456,0,0,0,0,2221010,2140097,409733,0,0,0,0,518061,466756
10,10,100,1,0,2,200,168,6,12697608,0,0,0,0,21121869,20427171,34664292,0,0,0,0,51118304,57518237,2079198,0,0,0,0,2234466,2180850,396894,0,0,0,0,573732,517213
10,10,100,1,0,2,200,172,6,13071162,0,0,0,0,21059405,21626852,38064292,0,0,0,0,54318304,60718238,2080498,0,0,0,0,2329446,2267712,473784,0,0,0,0,587007,589846
10,10,100,1,0,2,200,176,6,12691805,0,0,0,0,21423306,21341382,36064292,0,0,0,0,52518304,58918237,2146836,0,0,0,0,2339109,2294804,431964,0,0,0,0,667177,573197
10,10,100,1,0,2,200,180,6,13513913,0,0,0,0,21770235,22272637,39464292,0,0,0,0,55718304,62118237,2152043,0,0,0,0,2421457,2354932,485926,0,0,0,0,648548,615062
10,10,100,1,0,2,200,184,6,14151516,0,0,0,0,21134117,21790081,37464292,0,0,0,0,53918304,60318238,2207507,0,0,0,0,2408597,2366437,534942,0,0,0,0,597893,562605
10,10,100,1,0,2,200,188,6,15403390,0,0,0,0,22551425,23059233,40864292,0,0,0,0,57118304,63518237,2215604,0,0,0,0,2486706,2426120,540642,0,0,0,0,669160,650908
10,10,100,1,0,2,200,192,6,14223157,0,0,0,0,22386586,22807392,38864292,0,0,0,0,55318304,61718238,2273799,0,0,0,0,2467160,2426501,551985,0,0,0,0,705707,727610
10,10,100,1,0,2,200,196,7,15202768,0,0,0,0,23733135,24069800,42264292,0,0,0,0,58518304,65718238,2289285,0,0,0,0,2612417,2477306,611436,0,0,0,0,760103,761220
10,10,100,1,0,2,200,200,7,15346041,0,0,0,0,23978310,23643337,40264293,0,0,0,0,56718305,63918238,2381085,0,0,0,0,2561134,2469943,609554,0,0,0,0,810593,786435
10,10,100,1,0,2,200,204,7,15971435,0,0,0,0,23923154,24761880,43664293,0,0,0,0,59918304,67118238,2430036,0,0,0,0,2750522,2635341,655835,0,0,0,0,784162,841717
10,10,100,1,0,2,200,208,7,16238074,0,0,0,0,25210593,25017888,41664293,0,0,0,0,58118304,65318238,2474313,0,0,0,0,2661068,2573663,676646,0,0,0,0,913809,859607
10,10,100,1,0,2,200,212,7,16967486,0,0,0,0,25280468,26361895,45064293,0,0,0,0,61318304,68518238,2478379,0,0,0,0,2803526,2689346,698622,0,0,0,0,842681,847002
10,10,100,1,0,2,200,216,7,16842040,0,0,0,0,26522676,25571003,43064293,0,0,0,0,59518305,66718238,2554465,0,0,0,0,2806003,2691991,732272,0,0,0,0,991659,880296
10,10,100,1,0,2,200,220,7,17969205,0,0,0,0,26122196,26108504,46464293,0,0,0,0,62718304,69918238,2559881,0,0,0,0,2885690,2777463,790960,0,0,0,0,949086,936553
10,10,100,1,0,2,200,224,7,17734513,0,0,0,0,25983146,26239721,44464293,0,0,0,0,60918304,68118238,2645643,0,0,0,0,2903658,2800215,779113,0,0,0,0,945373,934233
10,10,100,1,0,2,200,228,8,18481032,0,0,0,0,27271420,27147899,47864293,0,0,0,0,64118305,72118238,2645085,0,0,0,0,2980352,2827352,803983,0,0,0,0,1076912,1021818
10,10,100,1,0,2,200,232,8,18506309,0,0,0,0,27833286,26701534,45864293,0,0,0,0,62318304,70318238,2821057,0,0,0,0,3096427,2948301,840501,0,0,0,0,1188960,1037753
10,10,100,1,0,2,200,236,8,19403652,0,0,0,0,27858737,28144885,49264293,0,0,0,0,65518304,73518238,2728843,0,0,0,0,3129622,2953308,897040,0,0,0,0,1019078,992303
10,10,100,1,0,2,200,240,8,19326040,0,0,0,0,28316150,27467877,47264293,0,0,0,0,63718305,71718238,2833461,0,0,0,0,3078902,2939109,892828,0,0,0,0,1225650,1082287
10,10,100,1,0,2,200,244,8,20070106,0,0,0,0,29136136,29422776,50664293,0,0,0,0,66918305,74918239,2819577,0,0,0,0,3156057,2990118,931924,0,0,0,0,1130524,1152116
10,10,100,1,0,2,200,248,8,20156162,0,0,0,0,28637492,28084446,48664293,0,0,0,0,65118304,73118238,2948039,0,0,0,0,3237749,3100282,938212,0,0,0,0,1174179,1088647
10,10,100,1,0,2,200,252,8,21024885,0,0,0,0,29753752,29294912,52064293,0,0,0,0,68318305,76318238,2891120,0,0,0,0,3226942,3080746,1031299,0,0,0,0,1304070,1280391
10,10,100,1,0,2,200,256,8,20982774,0,0,0,0,29533649,28905581,50064293,0,0,0,0,66518305,74518238,3042720,0,0,0,0,3385220,3215436,983771,0,0,0,0,1244202,1118059
10,10,100,1,0,2,200,260,9,21603919,0,0,0,0,32948535,31624619,53464293,0,0,0,0,69718305,78518238,2985327,0,0,0,0,3367893,3146531,1049787,0,0,0,0,1480627,1310610
10,10,100,1,0,2,200,264,9,21833577,0,0,0,0,30507590,29527573,51464293,0,0,0,0,67918305,76718238,3133095,0,0,0,0,3464868,3254516,1096335,0,0,0,0,1302706,1202136
10,10,100,1,0,2,200,268,9,22810028,0,0,0,0,34940845,31879705,54864294,0,0,0,0,71118305,79918239,3099774,0,0,0,0,3504830,3254229,1150777,0,0,0,0,1599093,1385959
10,10,100,1,0,2,200,272,9,25492304,0,0,0,0,31792557,30670957,52864293,0,0,0,0,69318305,78118238,3379410,0,0,0,0,3582543,3431371,1476002,0,0,0,0,1700715,1467543
10,10,100,1,0,2,200,276,9,25712584,0,0,0,0,31903602,31301308,56264293,0,0,0,0,72518305,81318238,3331626,0,0,0,0,3767360,3496232,1407990,0,0,0,0,1593335,1314352
10,10,100,1,0,2,200,280,9,23477674,0,0,0,0,32723315,30973644,54264293,0,0,0,0,70718305,79518238,3268503,0,0,0,0,3602088,3475659,1338878,0,0,0,0,1754329,1515596
10,10,100,1,0,2,200,284,9,26327091,0,0,0,0,33705172,32068572,57664293,0,0,0,0,73918305,82718238,3346403,0,0,0,0,3695953,3459735,1378115,0,0,0,0,1720720,1490766
10,10,100,1,0,2,200,288,9,24886956,0,0,0,0,33732190,31683802,55664293,0,0,0,0,72118305,80918238,3366138,0,0,0,0,3775757,3591271,1524330,0,0,0,0,1737705,1405065
10,10,100,1,0,2,200,292,10,24937294,0,0,0,0,35205912,32527703,59064293,0,0,0,0,75318305,84918238,3359853,0,0,0,0,3792302,3563682,1338589,0,0,0,0,1963604,1637550
10,10,100,1,0,2,200,296,10,25115822,0,0,0,0,34695150,32581971,57064293,0,0,0,0,73518305,83118238,3418060,0,0,0,0,3902655,3617532,1674175,0,0,0,0,1870830,1518326
10,10,100,1,0,2,200,300,10,25859114,0,0,0,0,36249205,33166195,60464293,0,0,0,0,76718305,86318238,3406975,0,0,0,0,3824477,3616876,1495998,0,0,0,0,2259337,1749821
10,10,100,1,0,2,200,304,10,26046009,0,0,0,0,35737305,32891851,58464293,0,0,0,0,74918305,84518238,3588603,0,0,0,0,4040028,3830405,1797991,0,0,0,0,2245442,1843293
10,10,100,1,0,2,200,308,10,26193143,0,0,0,0,36653482,34040223,61864293,0,0,0,0,78118305,87718238,3609247,0,0,0,0,4171719,3931003,1549517,0,0,0,0,2163765,1687821
10,10,100,1,0,2,200,312,10,27757092,0,0,0,0,36258934,33410865,59864293,0,0,0,0,76318305,85918238,3642978,0,0,0,0,4022607,3853467,1801659,0,0,0,0,2130647,1889587
10,10,100,1,0,2,200,316,10,29040818,0,0,0,0,37016594,34904352,63264293,0,0,0,0,79518305,89118238,3720492,0,0,0,0,4142548,3913293,1651513,0,0,0,0,1944785,1758485
10,10,100,1,0,2,200,320,10,27158033,0,0,0,0,37372795,34434802,61264294,0,0,0,0,77718305,87318238,3615463,0,0,0,0,4079435,3864578,1806731,0,0,0,0,2252511,1968486
10,10,100,1,0,2,200,324,11,30746485,0,0,0,0,38685291,35380055,64664294,0,0,0,0,80918305,91318238,3860371,0,0,0,0,4299195,4080633,1979830,0,0,0,0,2644643,2189106
10,10,100,1,0,2,200,328,11,29641661,0,0,0,0,38237482,35293459,62665134,0,0,0,0,79119146,89519079,3810836,0,0,0,0,4280459,4063081,2020350,0,0,0,0,2273929,1894560
10,10,100,1,0,2,200,332,11,30732985,0,0,0,0,39520613,36351927,66065134,0,0,0,0,82319145,92719078,3983545,0,0,0,0,4512334,4256254,2064100,0,0,0,0,2532882,2067859
10,10,100,1,0,2,200,336,11,29460967,0,0,0,0,38999254,35972375,64065133,0,0,0,0,80519145,90919079,3852116,0,0,0,0,4383883,4161561,2019694,0,0,0,0,2340742,1985148
10,10,100,1,0,2,200,340,11,32741168,0,0,0,0,40093394,36848558,67465134,0,0,0,0,83719145,94119079,4031161,0,0,0,0,4582648,4350107,2264425,0,0,0,0,2607468,2225691
10,10,100,1,0,2,200,344,11,31746209,0,0,0,0,39935144,36542770,65465134,0,0,0,0,81919145,92319078,4049514,0,0,0,0,4510030,4266722,2149367,0,0,0,0,2460294,2135838
10,10,100,1,0,2,200,348,11,32542812,0,0,0,0,40979401,37961569,68865134,0,0,0,0,85119145,95519078,4126947,0,0,0,0,4694923,4437568,2281172,0,0,0,0,2701547,2359948
10,10,100,1,0,2,200,352,11,30526979,0,0,0,0,40883284,37842006,66865134,0,0,0,0,83319145,93719079,4009404,0,0,0,0,4598469,4354215,2142075,0,0,0,0,2576125,2338104
10,10,100,1,0,2,200,356,12,31094931,0,0,0,0,41960459,38733003,70265134,0,0,0,0,86519145,97719079,4021104,0,0,0,0,4682753,4368820,2193856,0,0,0,0,2741472,2469373
10,10,100,1,0,2,200,360,12,31375200,0,0,0,0,41573732,38463153,68265134,0,0,0,0,84719145,95919079,4103610,0,0,0,0,4681836,4420747,2209486,0,0,0,0,2613181,2406646
10,10,100,1,0,2,200,364,12,32239221,0,0,0,0,43048747,39456285,71665134,0,0,0,0,87919145,99119079,4059905,0,0,0,0,4721319,4452024,2284199,0,0,0,0,2772557,2557104
10,10,100,1,0,2,200,368,12,31436627,0,0,0,0,42471072,39275356,69665134,0,0,0,0,86119145,97319079,4301627,0,0,0,0,4947731,4693516,2310589,0,0,0,0,2873410,2660842
10,10,100,1,0,2,200,372,12,33090354,0,0,0,0,43253048,40277519,73065134,0,0,0,0,89319145,100519079,4148883,0,0,0,0,4787670,4533985,2339520,0,0,0,0,2780254,2537348
10,10,100,1,0,2,200,376,12,34044178,0,0,0,0,43215129,39812272,71065134,0,0,0,0,87519145,98719079,4419655,0,0,0,0,5060017,4818750,2446966,0,0,0,0,2900505,2726767
10,10,100,1,0,2,200,380,12,33327211,0,0,0,0,44519373,41170211,74465134,0,0,0,0,90719145,101919079,4233354,0,0,0,0,4924437,4652757,2366418,0,0,0,0,2912106,2704231
10,10,100,1,0,2,200,384,12,33139642,0,0,0,0,44058948,42217789,72465134,0,0,0,0,88919145,100119079,4487209,0,0,0,0,5197834,4858883,2470487,0,0,0,0,3012409,2853577
10,10,100,1,0,2,200,388,13,34497638,0,0,0,0,45292276,41676285,75865134,0,0,0,0,92119145,104119079,4298752,0,0,0,0,5020797,4748373,2423357,0,0,0,0,2910809,2724417
10,10,100,1,0,2,200,392,13,33974924,0,0,0,0,44912273,43742342,73865134,0,0,0,0,90319145,102319079,4573797,0,0,0,0,5262982,4998746,2543081,0,0,0,0,3074867,2954253
10,10,100,1,0,2,200,396,13,35287684,0,0,0,0,47713755,42427623,77265134,0,0,0,0,93519145,105519079,4406525,0,0,0,0,5137756,4847001,2555768,0,0,0,0,3050147,2874232
10,10,100,1,0,2,200,400,13,34496044,0,0,0,0,45868636,42308808,75265134,0,0,0,0,91719145,103719079,4614183,0,0,0,0,5350318,5115705,2606695,0,0,0,0,3162067,3012603
10,10,100,1,0,2,200,404,13,36270114,0,0,0,0,46964675,45084937,78665134,0,0,0,0,94919145,106919079,4483741,0,0,0,0,5224203,4977931,2594821,0,0,0,0,3032682,2942788
10,10,100,1,0,2,200,408,13,34859219,0,0,0,0,46213462,43014984,76665134,0,0,0,0,93119145,105119079,4755694,0,0,0,0,5416938,5192074,2578118,0,0,0,0,3215869,3059082
10,10,100,1,0,2,200,412,13,37087093,0,0,0,0,48088041,44148236,80065134,0,0,0,0,96319145,108319079,4599278,0,0,0,0,5354354,5099112,2673517,0,0,0,0,3133419,2997635
10,10,100,1,0,2,200,416,13,36022964,0,0,0,0,47399856,43924555,78065134,0,0,0,0,94519146,106519079,4653661,0,0,0,0,5356021,5138396,2598472,0,0,0,0,3144558,3021906
10,10,100,1,0,2,200,420,14,37810189,0,0,0,0,48791239,44978288,81465134,0,0,0,0,97719145,110519079,4806701,0,0,0,0,5612445,5316661,2865529,0,0,0,0,3343161,3187821
10,10,100,1,0,2,200,424,14,36562738,0,0,0,0,48381166,44499061,79465134,0,0,0,0,95919146,108719079,4762550,0,0,0,0,5452794,5208697,2661261,0,0,0,0,3237774,3092173
10,10,100,1,0,2,200,428,14,38826330,0,0,0,0,49285582,45468111,82865134,0,0,0,0,99119146,111919079,4781390,0,0,0,0,5491708,5237416,2809918,0,0,0,0,3265351,3130273
10,10,100,1,0,2,200,432,14,37302935,0,0,0,0,49978226,45380492,80865134,0,0,0,0,97319146,110119079,4916062,0,0,0,0,5621304,5361784,2780624,0,0,0,0,3366085,3221239
10,10,100,1,0,2,200,436,14,39638195,0,0,0,0,50211641,46451608,84265134,0,0,0,0,100519146,113319079,4858598,0,0,0,0,5620632,5363385,2826408,0,0,0,0,3277847,3159902
10,10,100,1,0,2,200,440,14,37702722,0,0,0,0,50044360,46069318,82265134,0,0,0,0,98719146,111519079,5014166,0,0,0,0,5691021,5439830,2808661,0,0,0,0,3392298,3271082
10,10,100,1,0,2,200,444,14,40571206,0,0,0,0,51106033,47395920,85665134,0,0,0,0,101919146,114719079,4950724,0,0,0,0,5704798,5457072,2890432,0,0,0,0,3334087,3230300
10,10,100,1,0,2,200,448,14,38604166,0,0,0,0,52236539,47592500,83665134,0,0,0,0,100119146,112919079,5106124,0,0,0,0,5831471,5563303,2871117,0,0,0,0,3496688,3317298
10,10,100,1,0,2,200,452,15,41073194,0,0,0,0,52019950,48365867,87065134,0,0,0,0,103319146,116919079,5105940,0,0,0,0,5859910,5528804,3038960,0,0,0,0,3531554,3380585
10,10,100,1,0,2,200,456,15,39501166,0,0,0,0,52749579,47362806,85065134,0,0,0,0,101519146,115119079,5125022,0,0,0,0,5854724,5584553,2839116,0,0,0,0,3436070,3313772
10,10,100,1,0,2,200,460,15,41500994,0,0,0,0,52738525,48714328,88465134,0,0,0,0,104719146,118319080,5190213,0,0,0,0,5962611,5632511,3086372,0,0,0,0,3584287,3419660
10,10,100,1,0,2,200,464,15,39770498,0,0,0,0,52454467,48786093,86465134,0,0,0,0,102919146,116519079,5250857,0,0,0,0,5949503,5654866,2814951,0,0,0,0,3485968,3368158
10,10,100,1,0,2,200,468,15,42491949,0,0,0,0,54060743,50305933,89865135,0,0,0,0,106119146,119719079,5304377,0,0,0,0,6040622,5740211,3146243,0,0,0,0,3634268,3497838
10,10,100,1,0,2,200,472,15,40294199,0,0,0,0,53182389,49839567,87865134,0,0,0,0,104319146,117919079,5362393,0,0,0,0,6009543,5716534,2870731,0,0,0,0,3538292,3416571
10,10,100,1,0,2,200,476,15,43361347,0,0,0,0,54484523,50726919,91265134,0,0,0,0,107519146,121119079,5368315,0,0,0,0,6153605,5838682,3200050,0,0,0,0,3709129,3539007
10,10,100,1,0,2,200,480,15,41525948,0,0,0,0,53942551,50534745,89265134,0,0,0,0,105719146,119319079,5410582,0,0,0,0,6126482,5797461,2924574,0,0,0,0,3594652,3458791
10,10,100,1,0,2,200,484,16,44341776,0,0,0,0,57441987,54423798,92665135,0,0,0,0,108919147,123319080,5463976,0,0,0,0,6247232,5886762,3271865,0,0,0,0,3783982,3617054
10,10,100,1,0,2,200,488,16,41774714,0,0,0,0,54722876,51212918,90665134,0,0,0,0,107119146,121519079,5503646,0,0,0,0,6196411,5878022,2982127,0,0,0,0,3687334,3564309
10,10,100,1,0,2,200,492,16,44741824,0,0,0,0,56295140,54673172,94065135,0,0,0,0,110319146,124719080,5466633,0,0,0,0,6266531,5944566,3209653,0,0,0,0,3723618,3560763
10,10,100,1,0,2,200,496,16,42396311,0,0,0,0,55579316,52467681,92065134,0,0,0,0,108519146,122919080,5614403,0,0,0,0,6280257,5938280,3042866,0,0,0,0,3733487,3603734
10,10,100,1,0,2,200,500,16,46153357,0,0,0,0,56728710,55605718,95465135,0,0,0,0,111719146,126119080,5565923,0,0,0,0,6360932,6037498,3245512,0,0,0,0,3747625,3613676
10,10,100,1,0,2,200,504,16,42882329,0,0,0,0,56457668,53152509,93465135,0,0,0,0,109919146,124319079,5705442,0,0,0,0,6380072,6026655,3092229,0,0,0,0,3807062,3652520
10,10,100,1,0,2,200,508,16,46646387,0,0,0,0,59073014,56542282,96865135,0,0,0,0,113119146,127519080,5652768,0,0,0,0,6381563,6082766,3352558,0,0,0,0,3889644,3686550
10,10,100,1,0,2,200,512,16,43372958,0,0,0,0,60848363,63438026,94865135,0,0,0,0,111319148,125719082,5953452,0,0,0,0,6814481,6086782,3183382,0,0,0,0,3809021,3663606
10,10,100,1,0,2,200,516,17,48010939,0,0,0,0,59004804,60161246,98265135,0,0,0,0,114519147,129719080,5782418,0,0,0,0,6617435,6229705,3385284,0,0,0,0,3917676,3790390
10,10,100,1,0,2,200,520,17,44075561,0,0,0,0,58276164,59351484,96265135,0,0,0,0,112719147,127919080,5944161,0,0,0,0,6662554,6270104,3259249,0,0,0,0,4008921,3857409
10,10,100,1,0,2,200,524,17,48881140,0,0,0,0,59595140,61078703,99665135,0,0,0,0,115919146,131119080,5839064,0,0,0,0,6667721,6290677,3436862,0,0,0,0,3935112,3827607
10,10,100,1,0,2,200,528,17,44878877,0,0,0,0,58937789,57543826,97665135,0,0,0,0,114119146,129319080,6009937,0,0,0,0,6768588,6335866,3296392,0,0,0,0,4077236,3880619
10,10,100,1,0,2,200,532,17,48962389,0,0,0,0,60091347,58825622,101065135,0,0,0,0,117319146,132519080,5907652,0,0,0,0,6740745,6302767,3464065,0,0,0,0,3967848,3836583
10,10,100,1,0,2,200,536,17,45491266,0,0,0,0,60374414,58162993,99065135,0,0,0,0,115519147,130719080,6106528,0,0,0,0,6878635,6431243,3365902,0,0,0,0,4150664,3945653
10,10,100,1,0,2,200,540,17,49620458,0,0,0,0,61867730,59247388,102465135,0,0,0,0,118719146,133919080,6002021,0,0,0,0,6844736,6431428,3511168,0,0,0,0,4062205,3901764
10,10,100,1,0,2,200,544,17,46291705,0,0,0,0,61844075,59228814,100465135,0,0,0,0,116919147,132119080,6193347,0,0,0,0,6934460,6522555,3423207,0,0,0,0,4216078,4001497
10,10,100,1,0,2,200,548,18,50574150,0,0,0,0,61732149,58277548,103865135,0,0,0,0,120119146,136119080,6119837,0,0,0,0,6868994,6428039,3601140,0,0,0,0,4130029,3921752
10,10,100,1,0,2,200,552,18,46153811,0,0,0,0,61196667,58107468,101865135,0,0,0,0,118319146,134319080,6261434,0,0,0,0,6959907,6512507,3383538,0,0,0,0,4134242,3945597
10,10,100,1,0,2,200,556,18,52068409,0,0,0,0,64749375,62450720,105265136,0,0,0,0,121519148,137519082,6309404,0,0,0,0,7088063,6621427,3754155,0,0,0,0,4320352,4105860
10,10,100,1,0,2,200,560,18,47778318,0,0,0,0,62113109,61348933,103265135,0,0,0,0,119719146,135719080,6319476,0,0,0,0,7073534,6665848,3414404,0,0,0,0,4178856,4018621
10,10,100,1,0,2,200,564,18,51785634,0,0,0,0,63332127,62819239,106665135,0,0,0,0,122919147,138919080,6396305,0,0,0,0,7159095,6701229,3794743,0,0,0,0,4371028,4157577
10,10,100,1,0,2,200,568,18,49162713,0,0,0,0,64927533,62446219,104665135,0,0,0,0,121119147,137119080,6447963,0,0,0,0,7135802,6734498,3478365,0,0,0,0,4241891,4068133
10,10,100,1,0,2,200,572,18,53492385,0,0,0,0,69082018,64754598,108065136,0,0,0,0,124319149,140319082,6506039,0,0,0,0,7254255,6806864,3876627,0,0,0,0,4471963,4245134
10,10,100,1,0,2,200,576,18,49362764,0,0,0,0,67675386,63606274,106065135,0,0,0,0,122519147,138519080,6504388,0,0,0,0,7238807,6800374,3529871,0,0,0,0,4364610,4102088
10,10,100,1,0,2,200,580,19,57236669,0,0,0,0,69556155,66891967,109465137,0,0,0,0,125719149,142519082,6636354,0,0,0,0,7317161,6855221,3986261,0,0,0,0,4552958,4301442
10,10,100,1,0,2,200,584,19,50050647,0,0,0,0,68072939,65083338,107465135,0,0,0,0,123919147,140719080,6573692,0,0,0,0,7247340,6852226,3566435,0,0,0,0,4381257,4198814
10,10,100,1,0,2,200,588,19,56177830,0,0,0,0,70128777,67524792,110865137,0,0,0,0,127119149,143919082,6713615,0,0,0,0,7453148,6959303,4004293,0,0,0,0,4651974,4388541
10,10,100,1,0,2,200,592,19,50568398,0,0,0,0,69094505,64861854,108865135,0,0,0,0,125319147,142119080,6681201,0,0,0,0,7392819,6931996,3611946,0,0,0,0,4449843,4263185
10,10,100,1,0,2,200,596,19,55348758,0,0,0,0,70684253,68974160,112265135,0,0,0,0,128519147,145319081,6673782,0,0,0,0,7379514,6940529,3916331,0,0,0,0,4565114,4401858
10,10,100,1,0,2,200,600,19,52893285,0,0,0,0,69849996,66198912,110265135,0,0,0,0,126719147,143519080,6870072,0,0,0,0,7475747,7017127,3744756,0,0,0,0,4508640,4336956
10,10,100,1,0,2,200,604,19,58232150,0,0,0,0,71319221,68919701,113665136,0,0,0,0,129919148,146719082,6845153,0,0,0,0,7585372,7093144,4133587,0,0,0,0,4700935,4514529
10,10,100,1,0,2,200,608,19,53964252,0,0,0,0,72422874,66776087,111665135,0,0,0,0,128119147,144919080,6910385,0,0,0,0,7581019,7103097,3855849,0,0,0,0,4564334,4374541
10,10,100,1,0,2,200,612,20,58828881,0,0,0,0,72782543,68470100,115065135,0,0,0,0,131319147,148919081,6900279,0,0,0,0,7690082,7163603,4143081,0,0,0,0,4803416,4560823
10,10,100,1,0,2,200,616,20,56155395,0,0,0,0,71335964,67771392,113065135,0,0,0,0,129519147,147119081,6948628,0,0,0,0,7653236,7179943,3966101,0,0,0,0,4588242,4455789
10,10,100,1,0,2,200,620,20,61424241,0,0,0,0,72641096,69789125,116465136,0,0,0,0,132719147,150319080,6856138,0,0,0,0,7684686,7182422,4190381,0,0,0,0,4757183,4542343
10,10,100,1,0,2,200,624,20,54610864,0,0,0,0,71991113,68710954,114465135,0,0,0,0,130919147,148519081,7056878,0,0,0,0,7694690,7203388,3927627,0,0,0,0,4717644,4569235
10,10,100,1,0,2,200,628,20,60898258,0,0,0,0,74148247,71425314,117865137,0,0,0,0,134119149,151719082,7107725,0,0,0,0,7889201,7347463,4295230,0,0,0,0,4903576,4745580
10,10,100,1,0,2,200,632,20,56244209,0,0,0,0,72716512,69681827,115865135,0,0,0,0,132319147,149919081,7164802,0,0,0,0,7823116,7315612,4024221,0,0,0,0,4739731,4602460
10,10,100,1,0,2,200,636,20,62058298,0,0,0,0,74167310,71709375,119265136,0,0,0,0,135519147,153119081,7131869,0,0,0,0,7968417,7431862,4323938,0,0,0,0,4977314,4788798
10,10,100,1,0,2,200,640,20,56577684,0,0,0,0,73967724,71327634,117265136,0,0,0,0,133719147,151319081,7236056,0,0,0,0,7971280,7388119,4054391,0,0,0,0,4811390,4549984
10,10,100,1,0,2,200,644,21,63428803,0,0,0,0,74904614,72107340,120665136,0,0,0,0,136919147,155319081,7199891,0,0,0,0,8032352,7480372,4436876,0,0,0,0,5018382,4837629
10,10,100,1,0,2,200,648,21,56924309,0,0,0,0,72504757,72212996,118665135,0,0,0,0,135119147,153519081,7363681,0,0,0,0,7992486,7454229,4058283,0,0,0,0,4755143,4718666
10,10,100,1,0,2,200,652,21,64558668,0,0,0,0,73752793,73216468,122065136,0,0,0,0,138319147,156719081,7146122,0,0,0,0,8010247,7490673,4400501,0,0,0,0,4905161,4821656
10,10,100,1,0,2,200,656,21,58265212,0,0,0,0,73223228,72859565,120065136,0,0,0,0,136519147,154919081,7394721,0,0,0,0,8051191,7541062,4227524,0,0,0,0,4896759,4853346
10,10,100,1,0,2,200,660,21,64143614,0,0,0,0,74581354,73993474,123465136,0,0,0,0,139719147,158119081,7271591,0,0,0,0,8143908,7570984,4337410,0,0,0,0,4902340,4839013
10,10,100,1,0,2,200,664,21,58459872,0,0,0,0,75077132,74078762,121465136,0,0,0,0,137919147,156319081,7476091,0,0,0,0,8136683,7610125,4259607,0,0,0,0,4957215,4909825
10,10,100,1,0,2,200,668,21,67193037,0,0,0,0,75433427,76149136,124865136,0,0,0,0,141119147,159519081,7445243,0,0,0,0,8289952,7752817,4606850,0,0,0,0,5090056,5041471
10,10,100,1,0,2,200,672,21,58848829,0,0,0,0,74970399,74941496,122865136,0,0,0,0,139319147,157719081,7580716,0,0,0,0,8275417,7700956,4204425,0,0,0,0,4933658,4901154
10,10,100,1,0,2,200,676,22,66776835,0,0,0,0,77505837,77943710,126265138,0,0,0,0,142519149,161719083,7663531,0,0,0,0,8372076,7783409,4621919,0,0,0,0,5170891,5124887
10,10,100,1,0,2,200,680,22,59943063,0,0,0,0,73165692,76742272,124265135,0,0,0,0,140719147,159919081,7665311,0,0,0,0,8271745,7718908,4368243,0,0,0,0,5031058,5029469
10,10,100,1,0,2,200,684,22,73479347,0,0,0,0,77903697,73237611,127665136,0,0,0,0,143919147,163119081,7759943,0,0,0,0,8426521,7799942,4497833,0,0,0,0,5200837,5203485
10,10,100,1,0,2,200,688,22,60693390,0,0,0,0,75301480,75050007,125665136,0,0,0,0,142119147,161319081,7746968,0,0,0,0,8410360,7836878,4433028,0,0,0,0,5113062,5125306
10,10,100,1,0,2,200,692,22,68554132,0,0,0,0,77486581,77627262,129065137,0,0,0,0,145319148,164519082,7841677,0,0,0,0,8610228,7981062,4696207,0,0,0,0,5326831,5266406
10,10,100,1,0,2,200,696,22,61224250,0,0,0,0,78224697,77128773,127065136,0,0,0,0,143519148,162719081,7811786,0,0,0,0,8507378,7898408,4412122,0,0,0,0,5070379,5103360
10,10,100,1,0,2,200,700,22,67635851,0,0,0,0,79413289,78819809,130465136,0,0,0,0,146719147,165919081,7816141,0,0,0,0,8562600,7958433,4576929,0,0,0,0,5199961,5197111
10,10,100,1,0,2,200,704,22,62067968,0,0,0,0,79035173,78355525,128465136,0,0,0,0,144919148,164119081,7876166,0,0,0,0,8639860,7997613,4475837,0,0,0,0,5094956,5095346
10,10,100,1,0,2,200,708,23,68950138,0,0,0,0,80949668,80754631,131865137,0,0,0,0,148119148,168119082,8041522,0,0,0,0,8764947,8104387,4767815,0,0,0,0,5378467,5382619
10,10,100,1,0,2,200,712,23,61335055,0,0,0,0,79771882,79559104,129865136,0,0,0,0,146319148,166319081,7984906,0,0,0,0,8706052,8018965,4434530,0,0,0,0,5156974,5249564
10,10,100,1,0,2,200,716,23,67165701,0,0,0,0,81744240,81113916,133265136,0,0,0,0,149519149,169519082,8147252,0,0,0,0,8844237,8176072,4691536,0,0,0,0,5460847,5472523
10,10,100,1,0,2,200,720,23,60881287,0,0,0,0,81264256,81370703,131265137,0,0,0,0,147719149,167719083,8141591,0,0,0,0,8905623,8253221,4547809,0,0,0,0,5386765,5449836
10,10,100,1,0,2,200,724,23,68136688,0,0,0,0,81930851,81558534,134665136,0,0,0,0,150919148,170919081,8148757,0,0,0,0,8855063,8144175,4622394,0,0,0,0,5294587,5345986
10,10,100,1,0,2,200,728,23,62100246,0,0,0,0,81217018,81270347,132665136,0,0,0,0,149119148,169119081,8109180,0,0,0,0,8838306,8186273,4581054,0,0,0,0,5309064,5442038
10,10,100,1,0,2,200,732,23,68975721,0,0,0,0,83017800,82095208,136065136,0,0,0,0,152319148,172319081,8230317,0,0,0,0,8936919,8253591,4676515,0,0,0,0,5396082,5385110
10,10,100,1,0,2,200,736,23,62662055,0,0,0,0,81948379,82031196,134065136,0,0,0,0,150519148,170519081,8121681,0,0,0,0,8949666,8295248,4622146,0,0,0,0,5381131,5445770
10,10,100,1,0,2,200,740,24,73162275,0,0,0,0,83778276,84294921,137465137,0,0,0,0,153719148,174519082,8326198,0,0,0,0,9033329,8267353,4762604,0,0,0,0,5400580,5491671
10,10,100,1,0,2,200,744,24,63690457,0,0,0,0,82619118,83586114,135465136,0,0,0,0,151919148,172719082,8259894,0,0,0,0,8989075,8318913,4686469,0,0,0,0,5384641,5551385
10,10,100,1,0,2,200,748,24,70926818,0,0,0,0,86521089,86154095,138865138,0,0,0,0,155119151,175919083,8486017,0,0,0,0,9229811,8483794,4902093,0,0,0,0,5704458,5724172
10,10,100,1,0,2,200,752,24,64321112,0,0,0,0,83853313,84632742,136865136,0,0,0,0,153319148,174119082,8404773,0,0,0,0,9151558,8397671,4667649,0,0,0,0,5429512,5544671
10,10,100,1,0,2,200,756,24,71768864,0,0,0,0,84118548,87976587,140265138,0,0,0,0,156519150,177319083,8529408,0,0,0,0,9327802,8555495,4935693,0,0,0,0,5685993,5799643
10,10,100,1,0,2,200,760,24,65391763,0,0,0,0,87082312,89940121,138265136,0,0,0,0,154719148,175519082,8495872,0,0,0,0,9252373,8458682,4780628,0,0,0,0,5489588,5680423
10,10,100,1,0,2,200,764,24,72737093,0,0,0,0,88591251,90301804,141665138,0,0,0,0,157919149,178719083,8680987,0,0,0,0,9412871,8653559,4975299,0,0,0,0,5747835,5892620
10,10,100,1,0,2,200,768,24,65422264,0,0,0,0,87162015,88407498,139665136,0,0,0,0,156119148,176919082,8610240,0,0,0,0,9439986,8670217,4774957,0,0,0,0,5520157,5332909
10,10,100,1,0,2,200,772,25,75006905,0,0,0,0,89316371,92265208,143065138,0,0,0,0,159319150,180919085,8767031,0,0,0,0,9508893,8697601,5100657,0,0,0,0,5748413,5936406
10,10,100,1,0,2,200,776,25,66517899,0,0,0,0,88115171,90795868,141065136,0,0,0,0,157519148,179119082,8682349,0,0,0,0,9440395,8546271,4882476,0,0,0,0,5530396,5799661
10,10,100,1,0,2,200,780,25,74378445,0,0,0,0,89741541,93354481,144465138,0,0,0,0,160719150,182319084,8798000,0,0,0,0,9620597,8759558,5140408,0,0,0,0,5879086,5990568
10,10,100,1,0,2,200,784,25,67089105,0,0,0,0,88899171,92735029,142465136,0,0,0,0,158919148,180519082,8751305,0,0,0,0,9475719,8686795,4982633,0,0,0,0,5674190,5882562
10,10,100,1,0,2,200,788,25,75646324,0,0,0,0,91100218,93023160,145865137,0,0,0,0,162119148,183719082,8990205,0,0,0,0,9697773,8877375,5157591,0,0,0,0,5916850,6039806
10,10,100,1,0,2,200,792,25,68013875,0,0,0,0,90002764,91999278,143865136,0,0,0,0,160319148,181919082,8838643,0,0,0,0,9606887,8733006,4982853,0,0,0,0,5639458,5848134
10,10,100,1,0,2,200,796,25,77449952,0,0,0,0,91634228,94945833,147265138,0,0,0,0,163519150,185119084,8967205,0,0,0,0,9784977,8956733,5283241,0,0,0,0,5930270,6095636
10,10,100,1,0,2,200,800,25,68601620,0,0,0,0,90611067,92740484,145265136,0,0,0,0,161719148,183319082,8924105,0,0,0,0,9702417,8842791,5033796,0,0,0,0,5708874,5873244
10,10,100,1,0,2,200,804,26,78885174,0,0,0,0,92169821,96336227,148665138,0,0,0,0,164919150,187319084,9004863,0,0,0,0,9874632,8978709,5364708,0,0,0,0,5978428,6156549
10,10,100,1,0,2,200,808,26,69545746,0,0,0,0,91042700,94777699,146665136,0,0,0,0,163119148,185519082,8996783,0,0,0,0,9781543,8817755,5079575,0,0,0,0,5715345,5968945
10,10,100,1,0,2,200,812,26,78344689,0,0,0,0,92969757,96894096,150065137,0,0,0,0,166319149,188719083,9137073,0,0,0,0,9974518,9053909,5343683,0,0,0,0,6027306,6175889
10,10,100,1,0,2,200,816,26,69926692,0,0,0,0,92266148,95356412,148065136,0,0,0,0,164519148,186919083,9276545,0,0,0,0,10092136,9150193,5299849,0,0,0,0,6013006,6247808
10,10,100,1,0,2,200,820,26,82788473,0,0,0,0,94352314,97962749,151465137,0,0,0,0,167719148,190119083,9228939,0,0,0,0,10074384,9334231,5452652,0,0,0,0,6089438,6142547
10,10,100,1,0,2,200,824,26,74074577,0,0,0,0,92798500,96582156,149465136,0,0,0,0,165919149,188319082,9264090,0,0,0,0,9973285,9052705,5265711,0,0,0,0,5794588,6019740
10,10,100,1,0,2,200,828,26,81306139,0,0,0,0,94392784,98821546,152865137,0,0,0,0,169119149,191519083,9124598,0,0,0,0,10144595,9255606,5535104,0,0,0,0,6120967,6235002
10,10,100,1,0,2,200,832,26,71254539,0,0,0,0,93883093,97234283,150865136,0,0,0,0,167319148,189719083,9275789,0,0,0,0,10056932,9164374,5230856,0,0,0,0,5841031,6017026
10,10,100,1,0,2,200,836,27,81715576,0,0,0,0,95002062,101100697,154265138,0,0,0,0,170519151,193719084,9223999,0,0,0,0,10236462,9263095,5608515,0,0,0,0,6156425,6354463
10,10,100,1,0,2,200,840,27,71655945,0,0,0,0,94887388,102243994,152265136,0,0,0,0,168719148,191919083,9586558,0,0,0,0,10428571,9363619,5538707,0,0,0,0,6189321,6411041
10,10,100,1,0,2,200,844,27,81523724,0,0,0,0,96720304,101460842,155665137,0,0,0,0,171919149,195119083,9220804,0,0,0,0,10333638,9342838,5658045,0,0,0,0,6242218,6387762
10,10,100,1,0,2,200,848,27,73459010,0,0,0,0,95085959,101087552,153665137,0,0,0,0,170119149,193319083,9445078,0,0,0,0,10219506,9208478,5351139,0,0,0,0,5986006,6175448
10,10,100,1,0,2,200,852,27,82097726,0,0,0,0,98424067,103238559,157065139,0,0,0,0,173319150,196519084,9444569,0,0,0,0,10412258,9417317,5677029,0,0,0,0,6308810,6399820
10,10,100,1,0,2,200,856,27,74555307,0,0,0,0,95971459,101424737,155065137,0,0,0,0,171519149,194719083,9545906,0,0,0,0,10313461,9267995,5413933,0,0,0,0,5986243,6205164
10,10,100,1,0,2,200,860,27,83200591,0,0,0,0,97604477,103285242,158465138,0,0,0,0,174719150,197919083,9343378,0,0,0,0,10499644,9510123,5750185,0,0,0,0,6359056,6464126
10,10,100,1,0,2,200,864,27,73421739,0,0,0,0,96522850,102161946,156465136,0,0,0,0,172919149,196119083,9711174,0,0,0,0,10436023,9377091,5368918,0,0,0,0,5998863,6227046
10,10,100,1,0,2,200,868,28,83997917,0,0,0,0,98687457,105691139,159865137,0,0,0,0,176119149,200119083,9331007,0,0,0,0,10441986,9321497,5690261,0,0,0,0,6245790,6394651
10,10,100,1,0,2,200,872,28,74142912,0,0,0,0,97497870,104284699,157865137,0,0,0,0,174319149,198319083,9757297,0,0,0,0,10498879,9349116,5443558,0,0,0,0,6068292,6322769
10,10,100,1,0,2,200,876,28,85836041,0,0,0,0,99286255,106278843,161265137,0,0,0,0,177519149,201519083,9638132,0,0,0,0,10724582,9586505,5865801,0,0,0,0,6480741,6557214
10,10,100,1,0,2,200,880,28,74428117,0,0,0,0,98018453,104809685,159265137,0,0,0,0,175719149,199719083,9825943,0,0,0,0,10583509,9451544,5486808,0,0,0,0,6103727,6352048
10,10,100,1,0,2,200,884,28,85117319,0,0,0,0,101943108,107368127,162665139,0,0,0,0,178919151,202919086,9648127,0,0,0,0,10807980,9666894,5924624,0,0,0,0,6490656,6619270
10,10,100,1,0,2,200,888,28,75280753,0,0,0,0,99203198,105842081,160665137,0,0,0,0,177119149,201119083,9970306,0,0,0,0,10693195,9530615,5532057,0,0,0,0,6183078,6360447
10,10,100,1,0,2,200,892,28,83515797,0,0,0,0,100646720,108540655,164065139,0,0,0,0,180319151,204319085,9782214,0,0,0,0,10909778,9769073,5856506,0,0,0,0,6541637,6647308
10,10,100,1,0,2,200,896,28,76184505,0,0,0,0,99489053,105971455,162065137,0,0,0,0,178519149,202519083,10013934,0,0,0,0,10797646,9651690,5598199,0,0,0,0,6199803,6269060
10,10,100,1,0,2,200,900,29,85501376,0,0,0,0,103207781,110895254,165465137,0,0,0,0,181719149,206519083,9758273,0,0,0,0,10848931,9465181,5787538,0,0,0,0,6356696,6512684
10,10,100,1,0,2,200,904,29,76324216,0,0,0,0,100926546,109801381,163465139,0,0,0,0,179919151,204719086,10209301,0,0,0,0,11007828,9810591,5794972,0,0,0,0,6539210,6693873
10,10,100,1,0,2,200,908,29,86017742,0,0,0,0,102207383,112186014,166865137,0,0,0,0,183119149,207919083,9830943,0,0,0,0,10931944,9582648,5858342,0,0,0,0,6362033,6540551
10,10,100,1,0,2,200,912,29,77382995,0,0,0,0,101404729,109631628,164865137,0,0,0,0,181319149,206119084,10238245,0,0,0,0,11106450,9968072,5872843,0,0,0,0,6620287,6750547
10,10,100,1,0,2,200,916,29,87372771,0,0,0,0,105268589,112995349,168265138,0,0,0,0,184519150,209319084,10116238,0,0,0,0,11338920,9947432,6111691,0,0,0,0,6724124,6895260
10,10,100,1,0,2,200,920,29,77921040,0,0,0,0,103343037,111505478,166265137,0,0,0,0,182719149,207519083,10587907,0,0,0,0,11476008,10146410,6048119,0,0,0,0,6792132,6904283
10,10,100,1,0,2,200,924,29,87774537,0,0,0,0,102678009,113014623,169665139,0,0,0,0,185919151,210719085,9999546,0,0,0,0,11254654,9989936,6154953,0,0,0,0,6741302,6826492
10,10,100,1,0,2,200,928,29,79327671,0,0,0,0,102694297,111954164,167665137,0,0,0,0,184119149,208919083,10378665,0,0,0,0,11131783,9910273,5798142,0,0,0,0,6451437,6554961
10,10,100,1,0,2,200,932,30,88685964,0,0,0,0,104593330,115974742,171065138,0,0,0,0,187319149,212919084,10160748,0,0,0,0,11348274,9956608,6166386,0,0,0,0,6793850,6946973
10,10,100,1,0,2,200,936,30,79446024,0,0,0,0,106033138,116070710,169065137,0,0,0,0,185519150,211119084,10498922,0,0,0,0,11250388,9794713,5827613,0,0,0,0,6513542,6705695
10,10,100,1,0,2,200,940,30,91375043,0,0,0,0,105551243,117249886,172465138,0,0,0,0,188719149,214319084,10443559,0,0,0,0,11726548,10214705,6402509,0,0,0,0,6975371,7017404
10,10,100,1,0,2,200,944,30,79656216,0,0,0,0,105387109,116011130,170465137,0,0,0,0,186919149,212519084,10582012,0,0,0,0,11284461,9978963,5975001,0,0,0,0,6636005,6772590
10,10,100,1,0,2,200,948,30,88857489,0,0,0,0,106868609,118197117,173865138,0,0,0,0,190119149,215719084,10377940,0,0,0,0,11812159,10285590,6455217,0,0,0,0,7039932,7145861
10,10,100,1,0,2,200,952,30,82351561,0,0,0,0,104932317,116871596,171865137,0,0,0,0,188319149,213919084,10668769,0,0,0,0,11377548,9974672,5977138,0,0,0,0,6585909,6748723
10,10,100,1,0,2,200,956,30,90194694,0,0,0,0,107317821,118658956,175265138,0,0,0,0,191519149,217119084,10687558,0,0,0,0,11919613,10444058,6414308,0,0,0,0,7078805,7139047
10,10,100,1,0,2,200,960,30,80926545,0,0,0,0,106481397,116948336,173265137,0,0,0,0,189719149,215319084,10705981,0,0,0,0,11460178,10201680,6046007,0,0,0,0,6716452,6767442
10,10,100,1,0,2,200,964,31,89419222,0,0,0,0,107800825,121315685,176665137,0,0,0,0,192919149,219319084,10535442,0,0,0,0,11552015,10030230,6257065,0,0,0,0,6803390,6966414
10,10,100,1,0,2,200,968,31,81805619,0,0,0,0,108351354,122704468,174665137,0,0,0,0,191119149,217519084,11172001,0,0,0,0,12022262,10416607,6367157,0,0,0,0,7122845,7233233
10,10,100,1,0,2,200,972,31,91530503,0,0,0,0,108246425,123005736,178065140,0,0,0,0,194319152,220719087,10396350,0,0,0,0,11838025,10242064,6500366,0,0,0,0,7005745,7146401
10,10,100,1,0,2,200,976,31,82638794,0,0,0,0,107908215,123149161,176065137,0,0,0,0,192519150,218919084,11225639,0,0,0,0,12125545,10527109,6431344,0,0,0,0,7119720,7263144
10,10,100,1,0,2,200,980,31,92893623,0,0,0,0,108244043,124142103,179465139,0,0,0,0,195719150,222119085,10633457,0,0,0,0,11934678,10361262,6569308,0,0,0,0,7017046,7136836
10,10,100,1,0,2,200,984,31,83318533,0,0,0,0,108520779,123251833,177465137,0,0,0,0,193919150,220319084,11345745,0,0,0,0,12217903,10606398,6492265,0,0,0,0,7170042,7289404
10,10,100,1,0,2,200,988,31,91543386,0,0,0,0,110039631,125168822,180865139,0,0,0,0,197119151,223519085,10660713,0,0,0,0,12025412,10456226,6615344,0,0,0,0,7140555,7219020
10,10,100,1,0,2,200,992,31,83655363,0,0,0,0,109640172,124335862,178865137,0,0,0,0,195319150,221719084,11398055,0,0,0,0,12307108,10689629,6524904,0,0,0,0,7222445,7312837
10,10,100,1,0,2,200,996,32,90537818,0,0,0,0,110774940,129590564,182265140,0,0,0,0,198519152,225719087,10860671,0,0,0,0,12134520,10376134,6645000,0,0,0,0,7120035,7269765
10,10,100,1,0,2,200,1000,32,84811865,0,0,0,0,109777053,128042729,180265137,0,0,0,0,196719150,223919085,11470931,0,0,0,0,12406637,10622969,6597868,0,0,0,0,7270415,7376296
10,10,100,1,0,2,200,1004,32,90178346,0,0,0,0,111257658,130902038,183665139,0,0,0,0,199919152,227119087,10994534,0,0,0,0,12207827,10502830,6677491,0,0,0,0,7162807,7346571
10,10,100,1,0,2,200,1008,32,84861281,0,0,0,0,110472690,128225029,181665139,0,0,0,0,198119151,225319086,11315890,0,0,0,0,12140079,10448055,6436881,0,0,0,0,7053347,7240778
10,10,100,1,0,2,200,1012,32,90739857,0,0,0,0,113411679,132632896,185065138,0,0,0,0,201319151,228519086,11022399,0,0,0,0,12311975,10470618,6717019,0,0,0,0,7274879,7348616
10,10,100,1,0,2,200,1016,32,85780154,0,0,0,0,110957100,133112626,183065137,0,0,0,0,199519150,226719085,11690780,0,0,0,0,12634558,10701941,6671764,0,0,0,0,7305540,7482044
10,10,100,1,0,2,200,1020,32,87406686,0,0,0,0,111953540,133340842,186465139,0,0,0,0,202719152,229919088,11600567,0,0,0,0,12403125,10713406,6616889,0,0,0,0,7149950,7337733
10,10,100,1,0,2,200,1024,32,85520755,0,0,0,0,114719199,131318318,184465137,0,0,0,0,200919150,228119085,11829153,0,0,0,0,12982220,10838281,6596355,0,0,0,0,7297689,6465525
10,10,100,1,0,4,200,4,1,1555178,0,0,0,0,6657121,6744242,5864292,0,0,0,0,21165194,23564946,27672,0,0,0,0,37765,37614,5565,0,0,0,0,10075,9875
10,10,100,1,0,4,200,8,1,1758604,0,0,0,0,6390648,6514055,6664292,0,0,0,0,22765194,25164946,89240,0,0,0,0,105202,106414,10508,0,0,0,0,15818,15627
10,10,100,1,0,4,200,12,1,2438436,0,0,0,0,7230656,7394752,10064292,0,0,0,0,25965194,28364946,165762,0,0,0,0,165452,165971,15441,0,0,0,0,20752,20831
10,10,100,1,0,4,200,16,1,2171089,0,0,0,0,6808561,6974541,8064292,0,0,0,0,24165194,26564946,236432,0,0,0,0,245626,245038,22059,0,0,0,0,28011,28078
10,10,100,1,0,4,200,20,1,2819696,0,0,0,0,7670598,7816233,11464292,0,0,0,0,27365194,29764946,283029,0,0,0,0,285498,287861,29593,0,0,0,0,34335,35512
10,10,100,1,0,4,200,24,1,2529874,0,0,0,0,7271833,7411235,9464292,0,0,0,0,25565194,27964946,344152,0,0,0,0,362431,363506,36007,0,0,0,0,42620,42328
10,10,100,1,0,4,200,28,1,3194824,0,0,0,0,8750892,9259905,12864292,0,0,0,0,28765194,31164947,385810,0,0,0,0,397147,397752,43296,0,0,0,0,50692,54300
10,10,100,1,0,4,200,32,1,2901218,0,0,0,0,7881955,7841491,10864292,0,0,0,0,26965194,29364946,446759,0,0,0,0,476529,476435,49767,0,0,0,0,58774,58398
10,10,100,1,0,4,200,36,2,3614370,0,0,0,0,8902200,9006056,14264292,0,0,0,0,30165195,33364946,482089,0,0,0,0,500046,504968,58317,0,0,0,0,65762,67954
10,10,100,1,0,4,200,40,2,3353995,0,0,0,0,8458694,8558783,12264292,0,0,0,0,28365194,31564946,546307,0,0,0,0,584589,584434,65807,0,0,0,0,75055,74467
10,10,100,1,0,4,200,44,2,3999445,0,0,0,0,10084347,10465008,15664292,0,0,0,0,31565195,34764946,578304,0,0,0,0,603924,611109,73580,0,0,0,0,82521,87858
10,10,100,1,0,4,200,48,2,3822507,0,0,0,0,9134888,9242111,13664292,0,0,0,0,29765195,32964945,646265,0,0,0,0,694889,695461,82363,0,0,0,0,92919,92101
10,10,100,1,0,4,200,52,2,4456415,0,0,0,0,10156247,10819797,17064292,0,0,0,0,32965194,36164946,691455,0,0,0,0,741727,751199,86521,0,0,0,0,98636,103794
10,10,100,1,0,4,200,56,2,4354684,0,0,0,0,10267585,10566477,15064292,0,0,0,0,31165194,34364946,714896,0,0,0,0,755590,754815,97850,0,0,0,0,109928,108944
10,10,100,1,0,4,200,60,2,4841925,0,0,0,0,10799385,10923535,18464292,0,0,0,0,34365194,37564946,784370,0,0,0,0,845087,851668,97561,0,0,0,0,113960,114097
10,10,100,1,0,4,200,64,2,4753891,0,0,0,0,10421378,10767855,16464292,0,0,0,0,32565194,35764946,807842,0,0,0,0,856718,856835,110331,0,0,0,0,126330,135553
10,10,100,1,0,4,200,68,3,5285088,0,0,0,0,11459965,11664853,19864292,0,0,0,0,35765194,39764947,873367,0,0,0,0,954332,965147,114817,0,0,0,0,132817,131630
10,10,100,1,0,4,200,72,3,5213169,0,0,0,0,11330840,11348118,17864292,0,0,0,0,33965194,37964946,900438,0,0,0,0,951588,958302,120718,0,0,0,0,144998,141099
10,10,100,1,0,4,200,76,3,5833099,0,0,0,0,12133920,12341684,21264292,0,0,0,0,37165195,41164946,972781,0,0,0,0,1057941,1075377,137671,0,0,0,0,157361,153559
10,10,100,1,0,4,200,80,3,5687588,0,0,0,0,11849021,11928168,19264292,0,0,0,0,35365195,39364945,1029177,0,0,0,0,1108883,1121593,133420,0,0,0,0,167208,154579
10,10,100,1,0,4,200,84,3,6251313,0,0,0,0,13323730,13404008,22664292,0,0,0,0,38565195,42564946,1029715,0,0,0,0,1073408,1086585,146092,0,0,0,0,165227,164082
10,10,100,1,0,4,200,88,3,6182275,0,0,0,0,12373034,12669113,20664292,0,0,0,0,36765195,40764946,1127762,0,0,0,0,1214232,1227324,144758,0,0,0,0,179207,186972
10,10,100,1,0,4,200,92,3,6790166,0,0,0,0,13816482,13787818,24064292,0,0,0,0,39965195,43964946,1125664,0,0,0,0,1198733,1210940,162729,0,0,0,0,183801,181144
10,10,100,1,0,4,200,96,3,6672955,0,0,0,0,13233020,13360789,22064292,0,0,0,0,38165195,42164946,1222082,0,0,0,0,1316862,1330409,164081,0,0,0,0,200670,194842
10,10,100,1,0,4,200,100,4,7318271,0,0,0,0,14165093,14781057,25464292,0,0,0,0,41365195,46164947,1215815,0,0,0,0,1300492,1310332,182099,0,0,0,0,221546,213325
10,10,100,1,0,4,200,104,4,7208137,0,0,0,0,14944647,14419968,23464293,0,0,0,0,39565195,44364947,1279039,0,0,0,0,1358567,1367235,184563,0,0,0,0,233498,216634
10,10,100,1,0,4,200,108,4,7788818,0,0,0,0,14742153,16136297,26864292,0,0,0,0,42765194,47564947,1334604,0,0,0,0,1470635,1484162,189199,0,0,0,0,235788,271466
10,10,100,1,0,4,200,112,4,8371569,0,0,0,0,15165669,16016194,24864292,0,0,0,0,40965195,45764947,1375547,0,0,0,0,1461745,1489543,218905,0,0,0,0,245760,237766
10,10,100,1,0,4,200,116,4,8282324,0,0,0,0,15391642,15725226,28264292,0,0,0,0,44165194,48964947,1431942,0,0,0,0,1578501,1592809,204675,0,0,0,0,251475,249750
10,10,100,1,0,4,200,120,4,8877131,0,0,0,0,16686011,16505627,26264292,0,0,0,0,42365195,47164946,1471340,0,0,0,0,1554627,1588973,230108,0,0,0,0,290998,297283
10,10,100,1,0,4,200,124,4,9693530,0,0,0,0,17624637,17310550,29664292,0,0,0,0,45565196,50364947,1476469,0,0,0,0,1616983,1627079,229891,0,0,0,0,304203,307844
10,10,100,1,0,4,200,128,4,8683979,0,0,0,0,15720662,16011672,27664292,0,0,0,0,43765195,48564946,1603662,0,0,0,0,1729904,1767048,232287,0,0,0,0,299992,309190
10,10,100,1,0,4,200,132,5,9383877,0,0,0,0,16628263,17294360,31064292,0,0,0,0,46965195,52564946,1561756,0,0,0,0,1722041,1701211,260573,0,0,0,0,308904,300740
10,10,100,1,0,4,200,136,5,9244329,0,0,0,0,16425450,16722184,29064292,0,0,0,0,45165195,50764946,1701307,0,0,0,0,1837011,1840564,248185,0,0,0,0,330500,334588
10,10,100,1,0,4,200,140,5,9929205,0,0,0,0,17576413,17951716,32464292,0,0,0,0,48365195,53964947,1660314,0,0,0,0,1814249,1804181,284193,0,0,0,0,363781,387670
10,10,100,1,0,4,200,144,5,9972561,0,0,0,0,17182434,18090438,30464292,0,0,0,0,46565195,52164947,1790199,0,0,0,0,1943251,1943401,288408,0,0,0,0,380879,396558
10,10,100,1,0,4,200,148,5,10945963,0,0,0,0,19127443,19913435,33864292,0,0,0,0,49765195,55364947,1733224,0,0,0,0,1918965,1916274,318405,0,0,0,0,439481,482338
10,10,100,1,0,4,200,152,5,10497742,0,0,0,0,17956345,18514270,31864292,0,0,0,0,47965194,53564947,1886733,0,0,0,0,2054107,2065013,309992,0,0,0,0,391585,441521
10,10,100,1,0,4,200,156,5,11129675,0,0,0,0,19247669,19379492,35264292,0,0,0,0,51165195,56764947,1830476,0,0,0,0,2029364,2024060,344392,0,0,0,0,430177,462006
10,10,100,1,0,4,200,160,5,12386468,0,0,0,0,18821893,18826335,33264292,0,0,0,0,49365195,54964947,2014015,0,0,0,0,2179914,2186606,436825,0,0,0,0,523146,510323
10,10,100,1,0,4,200,164,6,12674737,0,0,0,0,19784731,21603604,36664292,0,0,0,0,52565195,58964947,1974665,0,0,0,0,2136200,2114373,403348,0,0,0,0,469618,526844
10,10,100,1,0,4,200,168,6,12011613,0,0,0,0,19555870,22433844,34664292,0,0,0,0,50765195,57164946,2014024,0,0,0,0,2177888,2161691,419662,0,0,0,0,540539,670638
10,10,100,1,0,4,200,172,6,12904307,0,0,0,0,20977496,22230224,38064293,0,0,0,0,53965195,60364946,2056561,0,0,0,0,2323984,2266465,433909,0,0,0,0,609761,579311
10,10,100,1,0,4,200,176,6,13219792,0,0,0,0,21252904,22223212,36064293,0,0,0,0,52165196,58564947,2109433,0,0,0,0,2294361,2260218,470158,0,0,0,0,672312,608130
10,10,100,1,0,4,200,180,6,14003968,0,0,0,0,21367996,22957199,39464292,0,0,0,0,55365195,61764947,2117496,0,0,0,0,2419867,2373331,506772,0,0,0,0,625987,628288
10,10,100,1,0,4,200,184,6,14041608,0,0,0,0,21145968,22536778,37464292,0,0,0,0,53565195,59964947,2188308,0,0,0,0,2394044,2376976,559193,0,0,0,0,620507,594748
10,10,100,1,0,4,200,188,6,14440386,0,0,0,0,22372576,23741627,40864293,0,0,0,0,56765195,63164947,2193715,0,0,0,0,2517996,2479890,547796,0,0,0,0,693433,749430
10,10,100,1,0,4,200,192,6,14744669,0,0,0,0,22218734,23272457,38864293,0,0,0,0,54965195,61364947,2345693,0,0,0,0,2615419,2591950,600245,0,0,0,0,775044,784252
10,10,100,1,0,4,200,196,7,15283263,0,0,0,0,23698433,24337317,42264293,0,0,0,0,58165195,65364947,2275387,0,0,0,0,2546575,2451697,605463,0,0,0,0,779171,765378
10,10,100,1,0,4,200,200,7,15271602,0,0,0,0,24510938,25044455,40264293,0,0,0,0,56365195,63564947,2448158,0,0,0,0,2703383,2649837,615022,0,0,0,0,843749,881097
10,10,100,1,0,4,200,204,7,15887211,0,0,0,0,25105039,25091416,43664293,0,0,0,0,59565196,66764947,2366063,0,0,0,0,2683420,2586011,643754,0,0,0,0,806735,769204
10,10,100,1,0,4,200,208,7,16162898,0,0,0,0,25232512,24653712,41664293,0,0,0,0,57765195,64964947,2488164,0,0,0,0,2754196,2687007,677738,0,0,0,0,878115,874744
10,10,100,1,0,4,200,212,7,16761020,0,0,0,0,26819500,25755471,45064293,0,0,0,0,60965196,68164947,2531934,0,0,0,0,2875252,2793833,690277,0,0,0,0,1004399,937341
10,10,100,1,0,4,200,216,7,16905128,0,0,0,0,26185340,25355214,43064293,0,0,0,0,59165196,66364947,2561538,0,0,0,0,2809484,2747226,722854,0,0,0,0,970499,954555
10,10,100,1,0,4,200,220,7,17550574,0,0,0,0,27306593,26463540,46464293,0,0,0,0,62365196,69564947,2555694,0,0,0,0,2921330,2859524,749205,0,0,0,0,998273,976937
10,10,100,1,0,4,200,224,7,17635293,0,0,0,0,26958070,26329949,44464293,0,0,0,0,60565196,67764947,2719566,0,0,0,0,3045038,2992548,779027,0,0,0,0,965650,991827
10,10,100,1,0,4,200,228,8,18311728,0,0,0,0,28176971,27299655,47864293,0,0,0,0,63765195,71764947,2639902,0,0,0,0,2972987,2839741,821558,0,0,0,0,1087047,1061211
10,10,100,1,0,4,200,232,8,18552085,0,0,0,0,27949937,28280171,45864293,0,0,0,0,61965195,69964947,2759164,0,0,0,0,3064405,2965982,833109,0,0,0,0,1121378,1124641
10,10,100,1,0,4,200,236,8,19201846,0,0,0,0,29103604,28387949,49264293,0,0,0,0,65165195,73164948,2776144,0,0,0,0,3082729,3059575,917492,0,0,0,0,1190775,1159140
10,10,100,1,0,4,200,240,8,19275716,0,0,0,0,28796220,27983682,47264293,0,0,0,0,63365195,71364948,2837316,0,0,0,0,3183317,3084542,869647,0,0,0,0,1118760,1226025
10,10,100,1,0,4,200,244,8,20328975,0,0,0,0,29975954,28688326,50664293,0,0,0,0,66565195,74564947,2874181,0,0,0,0,3317019,3212611,1014279,0,0,0,0,1202914,1240469
10,10,100,1,0,4,200,248,8,21279814,0,0,0,0,29650824,28344562,48664293,0,0,0,0,64765196,72764947,2955088,0,0,0,0,3269280,3174964,991839,0,0,0,0,1246707,1201088
10,10,100,1,0,4,200,252,8,20780534,0,0,0,0,30936877,30555161,52064293,0,0,0,0,67965196,75964947,2959933,0,0,0,0,3408343,3295331,1010855,0,0,0,0,1353139,1337806
10,10,100,1,0,4,200,256,8,21000693,0,0,0,0,30067492,29027056,50064293,0,0,0,0,66165196,74164947,3030031,0,0,0,0,3398916,3309526,1002259,0,0,0,0,1238529,1232407
10,10,100,1,0,4,200,260,9,21467880,0,0,0,0,31632847,30038473,53464293,0,0,0,0,69365196,78164947,3046300,0,0,0,0,3523608,3372758,1079848,0,0,0,0,1409712,1391472
10,10,100,1,0,4,200,264,9,21659378,0,0,0,0,31456355,29817423,51464293,0,0,0,0,67565196,76364947,3130572,0,0,0,0,3495989,3338781,1038881,0,0,0,0,1280303,1410893
10,10,100,1,0,4,200,268,9,22665580,0,0,0,0,33331179,31833764,54864293,0,0,0,0,70765196,79564948,3085807,0,0,0,0,3484067,3321273,1152509,0,0,0,0,1532380,1429750
10,10,100,1,0,4,200,272,9,25065074,0,0,0,0,33752112,30451041,52864293,0,0,0,0,68965196,77764948,3408482,0,0,0,0,3650830,3553296,1249501,0,0,0,0,1512125,1510915
10,10,100,1,0,4,200,276,9,25132961,0,0,0,0,35093501,32100128,56264293,0,0,0,0,72165196,80964948,3229517,0,0,0,0,3646847,3485973,1279848,0,0,0,0,1439850,1399290
10,10,100,1,0,4,200,280,9,23321405,0,0,0,0,33853481,31416894,54264293,0,0,0,0,70365196,79164948,3295670,0,0,0,0,3642157,3541522,1258216,0,0,0,0,1627015,1610256
10,10,100,1,0,4,200,284,9,26063374,0,0,0,0,37136338,32239059,57664293,0,0,0,0,73565196,82364948,3446742,0,0,0,0,3797680,3686405,1330292,0,0,0,0,1671135,1594816
10,10,100,1,0,4,200,288,9,24011517,0,0,0,0,35742675,31925319,55664293,0,0,0,0,71765196,80564948,3381581,0,0,0,0,3745272,3614299,1352291,0,0,0,0,1842236,1766056
10,10,100,1,0,4,200,292,10,25812736,0,0,0,0,37145855,33696141,59064294,0,0,0,0,74965197,84564948,3375998,0,0,0,0,3790740,3633077,1381893,0,0,0,0,1763241,1684091
10,10,100,1,0,4,200,296,10,24697329,0,0,0,0,37282406,32483580,57064293,0,0,0,0,73165197,82764947,3469549,0,0,0,0,3944688,3776278,1387699,0,0,0,0,1699287,1575778
10,10,100,1,0,4,200,300,10,25411559,0,0,0,0,37476312,33461477,60464293,0,0,0,0,76365196,85964947,3447993,0,0,0,0,3924427,3726748,1373997,0,0,0,0,1888642,1736057
10,10,100,1,0,4,200,304,10,25486462,0,0,0,0,38225551,33144160,58464293,0,0,0,0,74565197,84164948,3544153,0,0,0,0,3953089,3804255,1484076,0,0,0,0,1865744,1856478
10,10,100,1,0,4,200,308,10,25990617,0,0,0,0,39573902,36054735,61864293,0,0,0,0,77765196,87364947,3510701,0,0,0,0,3998091,3838881,1429023,0,0,0,0,2144841,1830593
10,10,100,1,0,4,200,312,10,27675322,0,0,0,0,39223634,33746310,59864293,0,0,0,0,75965196,85564948,3644127,0,0,0,0,4060362,3967692,1743268,0,0,0,0,2121241,1836785
10,10,100,1,0,4,200,316,10,29433182,0,0,0,0,38401599,35003331,63264293,0,0,0,0,79165196,88764948,3728967,0,0,0,0,4160144,3966804,1792066,0,0,0,0,2118230,1776787
10,10,100,1,0,4,200,320,10,27045013,0,0,0,0,37708866,34739288,61264293,0,0,0,0,77365196,86964948,3673090,0,0,0,0,4129720,4014369,1717179,0,0,0,0,2262139,2017572
10,10,100,1,0,4,200,324,11,30432498,0,0,0,0,40385394,35502963,64664294,0,0,0,0,80565196,90964948,3789522,0,0,0,0,4210933,4023537,1800096,0,0,0,0,2300469,2140481
10,10,100,1,0,4,200,328,11,29218806,0,0,0,0,39390680,35143858,62665133,0,0,0,0,78766037,89165788,3806378,0,0,0,0,4300601,4123584,1944765,0,0,0,0,2217855,1841247
10,10,100,1,0,4,200,332,11,30526878,0,0,0,0,41779330,36361739,66065134,0,0,0,0,81966036,92365787,3928679,0,0,0,0,4399551,4155120,1905939,0,0,0,0,2409917,1967512
10,10,100,1,0,4,200,336,11,28786827,0,0,0,0,40097433,35944272,64065133,0,0,0,0,80166036,90565788,3821222,0,0,0,0,4404286,4228188,1929846,0,0,0,0,2299388,1938804
10,10,100,1,0,4,200,340,11,31441253,0,0,0,0,42807593,37982751,67465134,0,0,0,0,83366038,93765788,3971146,0,0,0,0,4459591,4246747,2101893,0,0,0,0,2486096,2108533
10,10,100,1,0,4,200,344,11,31763594,0,0,0,0,41860700,36466040,65465134,0,0,0,0,81566037,91965787,4049156,0,0,0,0,4510139,4330351,2154240,0,0,0,0,2477890,2143227
10,10,100,1,0,4,200,348,11,32403126,0,0,0,0,42585088,37739348,68865134,0,0,0,0,84766036,95165788,4049327,0,0,0,0,4558121,4335882,2195337,0,0,0,0,2619026,2158769
10,10,100,1,0,4,200,352,11,30495993,0,0,0,0,42235178,37626680,66865134,0,0,0,0,82966037,93365787,4009024,0,0,0,0,4610437,4424332,2126206,0,0,0,0,2516816,2273707
10,10,100,1,0,4,200,356,12,31470799,0,0,0,0,42933885,39053139,70265134,0,0,0,0,86166037,97365788,4002450,0,0,0,0,4645034,4399845,2122583,0,0,0,0,2576792,2249725
10,10,100,1,0,4,200,360,12,33432804,0,0,0,0,44190111,40995716,68265134,0,0,0,0,84366038,95565789,4196024,0,0,0,0,4720491,4495801,2368956,0,0,0,0,2698545,2446794
10,10,100,1,0,4,200,364,12,32706647,0,0,0,0,43988981,39507618,71665134,0,0,0,0,87566037,98765787,4058134,0,0,0,0,4728950,4506066,2269130,0,0,0,0,2686832,2433426
10,10,100,1,0,4,200,368,12,31487069,0,0,0,0,43933506,40671657,69665134,0,0,0,0,85766037,96965788,4292196,0,0,0,0,4943245,4729465,2292063,0,0,0,0,2828925,2621644
10,10,100,1,0,4,200,372,12,32902766,0,0,0,0,44667964,40772595,73065134,0,0,0,0,88966037,100165788,4149772,0,0,0,0,4810148,4607186,2306748,0,0,0,0,2726154,2577290
10,10,100,1,0,4,200,376,12,32444620,0,0,0,0,44696379,39726627,71065134,0,0,0,0,87166037,98365787,4415585,0,0,0,0,5035522,4861229,2411829,0,0,0,0,2886514,2732330
10,10,100,1,0,4,200,380,12,33299229,0,0,0,0,46449911,41177966,74465134,0,0,0,0,90366037,101565788,4276226,0,0,0,0,4945162,4744020,2396479,0,0,0,0,2943183,2688343
10,10,100,1,0,4,200,384,12,33893155,0,0,0,0,45483449,42467591,72465134,0,0,0,0,88566037,99765788,4365854,0,0,0,0,5008627,4718497,2377943,0,0,0,0,2865081,2713516
10,10,100,1,0,4,200,388,13,34478017,0,0,0,0,47314938,44010065,75865135,0,0,0,0,91766038,103765789,4359633,0,0,0,0,5060093,4785923,2525094,0,0,0,0,2995629,2829872
10,10,100,1,0,4,200,392,13,34045521,0,0,0,0,46949868,42342769,73865134,0,0,0,0,89966037,101965788,4504788,0,0,0,0,5107982,4881861,2509738,0,0,0,0,3002982,2876390
10,10,100,1,0,4,200,396,13,35584941,0,0,0,0,48544736,45410248,77265134,0,0,0,0,93166037,105165788,4395259,0,0,0,0,5111639,4913150,2530750,0,0,0,0,2989524,2850340
10,10,100,1,0,4,200,400,13,34101348,0,0,0,0,47262463,42251666,75265134,0,0,0,0,91366037,103365788,4570195,0,0,0,0,5183069,4970436,2484708,0,0,0,0,3057922,2899807
10,10,100,1,0,4,200,404,13,36185332,0,0,0,0,48470568,43133840,78665134,0,0,0,0,94566037,106565788,4493963,0,0,0,0,5201323,5003334,2575854,0,0,0,0,3018334,2865309
10,10,100,1,0,4,200,408,13,35141035,0,0,0,0,48086839,43183779,76665134,0,0,0,0,92766037,104765788,4621366,0,0,0,0,5242712,5070844,2606092,0,0,0,0,3135483,2956257
10,10,100,1,0,4,200,412,13,37202083,0,0,0,0,49388972,44189206,80065134,0,0,0,0,95966037,107965788,4605484,0,0,0,0,5307186,5105310,2691362,0,0,0,0,3143863,3000262
10,10,100,1,0,4,200,416,13,35901531,0,0,0,0,49173868,43848160,78065134,0,0,0,0,94166037,106165788,4706316,0,0,0,0,5359764,5153826,2566640,0,0,0,0,3094832,2980184
10,10,100,1,0,4,200,420,14,38255963,0,0,0,0,50812886,47827511,81465135,0,0,0,0,97366038,110165789,4749346,0,0,0,0,5436992,5201420,2808612,0,0,0,0,3247212,3089473
10,10,100,1,0,4,200,424,14,36708996,0,0,0,0,50055181,47528199,79465134,0,0,0,0,95566038,108365788,4831654,0,0,0,0,5490835,5270478,2696934,0,0,0,0,3251634,3130256
10,10,100,1,0,4,200,428,14,39681235,0,0,0,0,52420018,47764956,82865135,0,0,0,0,98766038,111565789,4882767,0,0,0,0,5570865,5312450,2881739,0,0,0,0,3327431,3184607
10,10,100,1,0,4,200,432,14,37872673,0,0,0,0,51928047,48473180,80865135,0,0,0,0,96966038,109765789,4956083,0,0,0,0,5587746,5400844,2808885,0,0,0,0,3338586,3204613
10,10,100,1,0,4,200,436,14,40263695,0,0,0,0,51792676,46353686,84265134,0,0,0,0,100166037,112965788,5021372,0,0,0,0,5801191,5580146,2997563,0,0,0,0,3477063,3332419
10,10,100,1,0,4,200,440,14,37716582,0,0,0,0,53826235,47521527,82265135,0,0,0,0,98366039,111165789,4996029,0,0,0,0,5684313,5465765,2811669,0,0,0,0,3398074,3250872
10,10,100,1,0,4,200,444,14,40333419,0,0,0,0,53026651,47391606,85665134,0,0,0,0,101566037,114365788,4949356,0,0,0,0,5715864,5474290,2894124,0,0,0,0,3346486,3224237
10,10,100,1,0,4,200,448,14,38309951,0,0,0,0,53462730,50631293,83665134,0,0,0,0,99766037,112565788,5242148,0,0,0,0,5935684,5723755,2847073,0,0,0,0,3554038,3422476
10,10,100,1,0,4,200,452,15,41222021,0,0,0,0,53441376,48293119,87065134,0,0,0,0,102966037,116565788,5030726,0,0,0,0,5772847,5500382,2968460,0,0,0,0,3389493,3271697
10,10,100,1,0,4,200,456,15,39392947,0,0,0,0,53548034,47525652,85065134,0,0,0,0,101166037,114765788,5332503,0,0,0,0,6044887,5809516,2914936,0,0,0,0,3601408,3456951
10,10,100,1,0,4,200,460,15,41607784,0,0,0,0,55076974,48828879,88465134,0,0,0,0,104366037,117965788,5114921,0,0,0,0,5859444,5625985,2994405,0,0,0,0,3475856,3328862
10,10,100,1,0,4,200,464,15,39728149,0,0,0,0,54071637,49264270,86465134,0,0,0,0,102566037,116165788,5373933,0,0,0,0,6133883,5891460,2975557,0,0,0,0,3657909,3535492
10,10,100,1,0,4,200,468,15,42652732,0,0,0,0,55045989,49900047,89865135,0,0,0,0,105766037,119365788,5220623,0,0,0,0,5967688,5722623,3046654,0,0,0,0,3521365,3398125
10,10,100,1,0,4,200,472,15,40208396,0,0,0,0,55918577,50968893,87865135,0,0,0,0,103966039,117565789,5422392,0,0,0,0,6034441,5810686,2965307,0,0,0,0,3655662,3474321
10,10,100,1,0,4,200,476,15,43509148,0,0,0,0,55844699,50573284,91265134,0,0,0,0,107166037,120765788,5286430,0,0,0,0,6059901,5813525,3109131,0,0,0,0,3585261,3434203
10,10,100,1,0,4,200,480,15,40902756,0,0,0,0,55565715,51024546,89265134,0,0,0,0,105366037,118965788,5557022,0,0,0,0,6299659,6032505,3048543,0,0,0,0,3776744,3632430
10,10,100,1,0,4,200,484,16,44256256,0,0,0,0,56858498,52557795,92665134,0,0,0,0,108566038,122965789,5549561,0,0,0,0,6379500,6057379,3332797,0,0,0,0,3857500,3676248
10,10,100,1,0,4,200,488,16,41608618,0,0,0,0,57414170,51349620,90665134,0,0,0,0,106766038,121165789,5623120,0,0,0,0,6262702,6031834,3047100,0,0,0,0,3763872,3618915
10,10,100,1,0,4,200,492,16,44644015,0,0,0,0,57357034,55209642,94065134,0,0,0,0,109966038,124365789,5473047,0,0,0,0,6195995,5941221,3250912,0,0,0,0,3735931,3588546
10,10,100,1,0,4,200,496,16,42398591,0,0,0,0,57650828,52327612,92065134,0,0,0,0,108166038,122565789,5621724,0,0,0,0,6287941,6003694,3011009,0,0,0,0,3712539,3538584
10,10,100,1,0,4,200,500,16,45422432,0,0,0,0,57998916,54436490,95465135,0,0,0,0,111366037,125765789,5748858,0,0,0,0,6555423,6242029,3421658,0,0,0,0,3981949,3792144
10,10,100,1,0,4,200,504,16,43245474,0,0,0,0,57856234,53738249,93465134,0,0,0,0,109566038,123965789,5685210,0,0,0,0,6327837,6058947,3099966,0,0,0,0,3788852,3643574
10,10,100,1,0,4,200,508,16,45730127,0,0,0,0,58620502,56375503,96865135,0,0,0,0,112766038,127165789,5790213,0,0,0,0,6566773,6275723,3436489,0,0,0,0,3999784,3801513
10,10,100,1,0,4,200,512,16,43961835,0,0,0,0,60188384,61231849,94865134,0,0,0,0,110966038,125365789,6045258,0,0,0,0,6905640,6224540,3256674,0,0,0,0,3840012,3733756
10,10,100,1,0,4,200,516,17,47940273,0,0,0,0,60124922,58997683,98265135,0,0,0,0,114166038,129365789,5792868,0,0,0,0,6553457,6207419,3437677,0,0,0,0,3941205,3774598
10,10,100,1,0,4,200,520,17,44376279,0,0,0,0,59543440,59093148,96265134,0,0,0,0,112366038,127565789,6034288,0,0,0,0,6800285,6473698,3314044,0,0,0,0,4088244,3919542
10,10,100,1,0,4,200,524,17,50828768,0,0,0,0,60767896,60278579,99665135,0,0,0,0,115566038,130765789,5868056,0,0,0,0,6627706,6310100,3463910,0,0,0,0,3927331,3814156
10,10,100,1,0,4,200,528,17,45479698,0,0,0,0,60176099,58371285,97665134,0,0,0,0,113766038,128965789,6120089,0,0,0,0,6885308,6560426,3368264,0,0,0,0,4151546,3978911
10,10,100,1,0,4,200,532,17,48804829,0,0,0,0,61242784,59771438,101065135,0,0,0,0,116966038,132165789,5908888,0,0,0,0,6702589,6366911,3454611,0,0,0,0,3978916,3826654
10,10,100,1,0,4,200,536,17,45532547,0,0,0,0,60856386,59186175,99065135,0,0,0,0,115166038,130365789,6263683,0,0,0,0,6981890,6630261,3417053,0,0,0,0,4213131,4032632
10,10,100,1,0,4,200,540,17,49985525,0,0,0,0,62081924,60262443,102465135,0,0,0,0,118366038,133565789,6191745,0,0,0,0,7039116,6684683,3716654,0,0,0,0,4273928,4078788
10,10,100,1,0,4,200,544,17,46507597,0,0,0,0,61811053,59991629,100465135,0,0,0,0,116566038,131765789,6161432,0,0,0,0,6843686,6510228,3321806,0,0,0,0,4030203,3885673
10,10,100,1,0,4,200,548,18,51045924,0,0,0,0,63670235,59223117,103865135,0,0,0,0,119766039,135765790,6235665,0,0,0,0,6971998,6515297,3701372,0,0,0,0,4261658,4010030
10,10,100,1,0,4,200,552,18,46958631,0,0,0,0,64026934,58056987,101865135,0,0,0,0,117966038,133965789,6208712,0,0,0,0,6921414,6527171,3354015,0,0,0,0,4118197,3935517
10,10,100,1,0,4,200,556,18,52089611,0,0,0,0,63654353,59085057,105265135,0,0,0,0,121166038,137165789,6402856,0,0,0,0,7238408,6797102,3842393,0,0,0,0,4396993,4165579
10,10,100,1,0,4,200,560,18,47927556,0,0,0,0,63299659,58525086,103265135,0,0,0,0,119366038,135365789,6338002,0,0,0,0,7019650,6649507,3403475,0,0,0,0,4155303,3996239
10,10,100,1,0,4,200,564,18,51785802,0,0,0,0,65238449,60112989,106665135,0,0,0,0,122566038,138565789,6486358,0,0,0,0,7308721,6873714,3876603,0,0,0,0,4482898,4217636
10,10,100,1,0,4,200,568,18,48416602,0,0,0,0,65385816,59977259,104665135,0,0,0,0,120766038,136765789,6396866,0,0,0,0,7108195,6724889,3463184,0,0,0,0,4224029,4042762
10,10,100,1,0,4,200,572,18,52639744,0,0,0,0,69187439,60618706,108065135,0,0,0,0,123966038,139965789,6585255,0,0,0,0,7416070,6973254,3916611,0,0,0,0,4557189,4286652
10,10,100,1,0,4,200,576,18,49216109,0,0,0,0,68992423,62056618,106065135,0,0,0,0,122166038,138165789,6494789,0,0,0,0,7213112,6775376,3511614,0,0,0,0,4326583,4112785
10,10,100,1,0,4,200,580,19,53605356,0,0,0,0,69417111,62309813,109465135,0,0,0,0,125366039,142165789,6683069,0,0,0,0,7493916,7015030,3977716,0,0,0,0,4604509,4353510
10,10,100,1,0,4,200,584,19,49447523,0,0,0,0,68774545,62499153,107465135,0,0,0,0,123566039,140365789,6596547,0,0,0,0,7316206,6896919,3659388,0,0,0,0,4507825,4281091
10,10,100,1,0,4,200,588,19,55025405,0,0,0,0,70415018,63024345,110865135,0,0,0,0,126766039,143565789,6788986,0,0,0,0,7624661,7101585,4037913,0,0,0,0,4683933,4431701
10,10,100,1,0,4,200,592,19,50491493,0,0,0,0,69803058,62526925,108865135,0,0,0,0,124966038,141765789,6669095,0,0,0,0,7398294,6953139,3602722,0,0,0,0,4416090,4211711
10,10,100,1,0,4,200,596,19,55160250,0,0,0,0,72191988,63974565,112265135,0,0,0,0,128166039,144965789,6891411,0,0,0,0,7691809,7196327,4103378,0,0,0,0,4765787,4493439
10,10,100,1,0,4,200,600,19,52928608,0,0,0,0,70606798,63477315,110265135,0,0,0,0,126366039,143165789,7021627,0,0,0,0,7724486,7267336,4000403,0,0,0,0,4745152,4511705
10,10,100,1,0,4,200,604,19,58957255,0,0,0,0,71633356,64486819,113665135,0,0,0,0,129566038,146365789,6655867,0,0,0,0,7495111,7045629,4036094,0,0,0,0,4532350,4321472
10,10,100,1,0,4,200,608,19,53883395,0,0,0,0,71196716,64413564,111665135,0,0,0,0,127766039,144565789,6931655,0,0,0,0,7663230,7186813,4009520,0,0,0,0,4692103,4457427
10,10,100,1,0,4,200,612,20,60012148,0,0,0,0,72585582,65813877,115065135,0,0,0,0,130966039,148565789,6759664,0,0,0,0,7568052,7085483,4108453,0,0,0,0,4605515,4411207
10,10,100,1,0,4,200,616,20,54376706,0,0,0,0,71914097,65769229,113065135,0,0,0,0,129166038,146765789,6947081,0,0,0,0,7630296,7167316,3895952,0,0,0,0,4640115,4443325
10,10,100,1,0,4,200,620,20,60958852,0,0,0,0,73175702,66544514,116465136,0,0,0,0,132366038,149965790,6852192,0,0,0,0,7647786,7196247,4193406,0,0,0,0,4693367,4473869
10,10,100,1,0,4,200,624,20,54792818,0,0,0,0,72712014,66098345,114465135,0,0,0,0,130566039,148165790,7236128,0,0,0,0,8022731,7475661,4115176,0,0,0,0,4905592,4674321
10,10,100,1,0,4,200,628,20,62421957,0,0,0,0,74141107,67267549,117865136,0,0,0,0,133766039,151365790,6917762,0,0,0,0,7741665,7259584,4245534,0,0,0,0,4758588,4571987
10,10,100,1,0,4,200,632,20,55212677,0,0,0,0,73334331,67694214,115865135,0,0,0,0,131966039,149565789,7412880,0,0,0,0,8101795,7549449,4194587,0,0,0,0,4984464,4809066
10,10,100,1,0,4,200,636,20,62683745,0,0,0,0,78325564,68272123,119265136,0,0,0,0,135166039,152765790,6999517,0,0,0,0,7820868,7344480,4284298,0,0,0,0,4833145,4614547
10,10,100,1,0,4,200,640,20,56749889,0,0,0,0,74478138,68255116,117265135,0,0,0,0,133366039,150965790,7475373,0,0,0,0,8249074,7666705,4309210,0,0,0,0,5030127,4750163
10,10,100,1,0,4,200,644,21,62280524,0,0,0,0,75313067,69684619,120665136,0,0,0,0,136566039,154965790,7132039,0,0,0,0,7895851,7395613,4249558,0,0,0,0,4828885,4664877
10,10,100,1,0,4,200,648,21,57247542,0,0,0,0,75051500,69840826,118665136,0,0,0,0,134766039,153165790,7589481,0,0,0,0,8293343,7726725,4348360,0,0,0,0,5065309,4902748
10,10,100,1,0,4,200,652,21,64817867,0,0,0,0,75536116,71054276,122065136,0,0,0,0,137966039,156365790,7151630,0,0,0,0,8023617,7506101,4359568,0,0,0,0,4853248,4736400
10,10,100,1,0,4,200,656,21,57452352,0,0,0,0,74775978,71639776,120065136,0,0,0,0,136166039,154565790,7436495,0,0,0,0,8078700,7551229,4102571,0,0,0,0,4847895,4771401
10,10,100,1,0,4,200,660,21,65059118,0,0,0,0,77108449,71566114,123465136,0,0,0,0,139366039,157765790,7223872,0,0,0,0,8141128,7604014,4390105,0,0,0,0,4868458,4750786
10,10,100,1,0,4,200,664,21,58547792,0,0,0,0,75118934,71549324,121465135,0,0,0,0,137566039,155965790,7417782,0,0,0,0,8122070,7618327,4249532,0,0,0,0,4891019,4826974
10,10,100,1,0,4,200,668,21,65475484,0,0,0,0,76995301,73016422,124865136,0,0,0,0,140766039,159165790,7621921,0,0,0,0,8509062,7931388,4601938,0,0,0,0,5214116,5084324
10,10,100,1,0,4,200,672,21,60306038,0,0,0,0,74174018,72731875,122865136,0,0,0,0,138966039,157365790,7567186,0,0,0,0,8180502,7713376,4299455,0,0,0,0,4931547,4919328
10,10,100,1,0,4,200,676,22,67235434,0,0,0,0,75206870,73858277,126265136,0,0,0,0,142166039,161365790,7684749,0,0,0,0,8590109,7962373,4736738,0,0,0,0,5298956,5170942
10,10,100,1,0,4,200,680,22,60315139,0,0,0,0,73867782,74134091,124265136,0,0,0,0,140366039,159565790,7711386,0,0,0,0,8285225,7737998,4333687,0,0,0,0,4939338,4910866
10,10,100,1,0,4,200,684,22,70816691,0,0,0,0,79027630,72210744,127665136,0,0,0,0,143566039,162765790,7934086,0,0,0,0,8757739,8083179,4688000,0,0,0,0,5526737,5442846
10,10,100,1,0,4,200,688,22,61163789,0,0,0,0,76067284,72816632,125665136,0,0,0,0,141766039,160965790,7751016,0,0,0,0,8437739,7856606,4392778,0,0,0,0,5078635,5047769
10,10,100,1,0,4,200,692,22,69199703,0,0,0,0,77054200,75666526,129065136,0,0,0,0,144966039,164165790,7946004,0,0,0,0,8786828,8149231,4804279,0,0,0,0,5419695,5332131
10,10,100,1,0,4,200,696,22,61395666,0,0,0,0,76147096,75053647,127065136,0,0,0,0,143166039,162365790,8161622,0,0,0,0,8810489,8202705,4670920,0,0,0,0,5352940,5289187
10,10,100,1,0,4,200,700,22,68456221,0,0,0,0,78271793,77417024,130465137,0,0,0,0,146366040,165565791,7921863,0,0,0,0,8662434,8066824,4713524,0,0,0,0,5305695,5259901
10,10,100,1,0,4,200,704,22,61600594,0,0,0,0,77057563,76105347,128465136,0,0,0,0,144566039,163765790,8222024,0,0,0,0,8937799,8299669,4651644,0,0,0,0,5405218,5336465
10,10,100,1,0,4,200,708,23,68762915,0,0,0,0,81300555,79702937,131865137,0,0,0,0,147766041,167765792,8055032,0,0,0,0,8772803,8109773,4745985,0,0,0,0,5434083,5361335
10,10,100,1,0,4,200,712,23,60772095,0,0,0,0,77771222,77243604,129865136,0,0,0,0,145966039,165965790,8208938,0,0,0,0,9003566,8320169,4644698,0,0,0,0,5470766,5462721
10,10,100,1,0,4,200,716,23,67406038,0,0,0,0,79097628,78263992,133265136,0,0,0,0,149166039,169165790,8288744,0,0,0,0,9048206,8366240,4790966,0,0,0,0,5563923,5505641
10,10,100,1,0,4,200,720,23,61531160,0,0,0,0,78868898,78363420,131265136,0,0,0,0,147366039,167365791,8254550,0,0,0,0,9097332,8434639,4703708,0,0,0,0,5527184,5510331
10,10,100,1,0,4,200,724,23,66550158,0,0,0,0,80384992,80157763,134665137,0,0,0,0,150566040,170565791,8273046,0,0,0,0,8967883,8299360,4647735,0,0,0,0,5497309,5454374
10,10,100,1,0,4,200,728,23,62472397,0,0,0,0,79512422,79149746,132665136,0,0,0,0,148766039,168765790,8372762,0,0,0,0,9192361,8493455,4786416,0,0,0,0,5570271,5621908
10,10,100,1,0,4,200,732,23,69068470,0,0,0,0,81208017,79888280,136065136,0,0,0,0,151966039,171965790,8231083,0,0,0,0,8893298,8284674,4689958,0,0,0,0,5377263,5356332
10,10,100,1,0,4,200,736,23,62558332,0,0,0,0,80210307,80098642,134065136,0,0,0,0,150166039,170165791,8463782,0,0,0,0,9295899,8621034,4802157,0,0,0,0,5615279,5631005
10,10,100,1,0,4,200,740,24,70011836,0,0,0,0,81419811,81632519,137465136,0,0,0,0,153366039,174165791,8300793,0,0,0,0,8958332,8333805,4750045,0,0,0,0,5405381,5448712
10,10,100,1,0,4,200,744,24,63465478,0,0,0,0,80850582,81550526,135465136,0,0,0,0,151566039,172365790,8554093,0,0,0,0,9364187,8647323,4859298,0,0,0,0,5680089,5723002
10,10,100,1,0,4,200,748,24,69929184,0,0,0,0,82133406,82156582,138865136,0,0,0,0,154766039,175565790,8356754,0,0,0,0,9078256,8422842,4735304,0,0,0,0,5485374,5506893
10,10,100,1,0,4,200,752,24,63824027,0,0,0,0,81726473,82301029,136865136,0,0,0,0,152966039,173765791,8485256,0,0,0,0,9276002,8600983,4811100,0,0,0,0,5634191,5660272
10,10,100,1,0,4,200,756,24,72739970,0,0,0,0,82860191,83220531,140265137,0,0,0,0,156166039,176965791,8671722,0,0,0,0,9528533,8788280,5051450,0,0,0,0,5792653,5805777
10,10,100,1,0,4,200,760,24,65204868,0,0,0,0,85967281,85194360,138265136,0,0,0,0,154366040,175165791,8475076,0,0,0,0,9196931,8565257,4828115,0,0,0,0,5554590,5626246
10,10,100,1,0,4,200,764,24,73805996,0,0,0,0,86724782,87529663,141665137,0,0,0,0,157566040,178365791,8622549,0,0,0,0,9196018,8577365,4943242,0,0,0,0,5568013,5699742
10,10,100,1,0,4,200,768,24,65190471,0,0,0,0,85574015,86468274,139665136,0,0,0,0,155766040,176565791,8551378,0,0,0,0,9381771,8723305,4832748,0,0,0,0,5593961,5373416
10,10,100,1,0,4,200,772,25,74113673,0,0,0,0,87352693,89853636,143065138,0,0,0,0,158966041,180565793,8771635,0,0,0,0,9470489,8711539,5013832,0,0,0,0,5740611,5823863
10,10,100,1,0,4,200,776,25,66560418,0,0,0,0,86366852,89812960,141065136,0,0,0,0,157166040,178765791,8794230,0,0,0,0,9540310,8740606,4985481,0,0,0,0,5690338,5807569
10,10,100,1,0,4,200,780,25,75437204,0,0,0,0,88147126,90453842,144465137,0,0,0,0,160366040,181965791,8676563,0,0,0,0,9410566,8665467,5095556,0,0,0,0,5705202,5802223
10,10,100,1,0,4,200,784,25,66829217,0,0,0,0,87259808,91050464,142465137,0,0,0,0,158566041,180165792,8830997,0,0,0,0,9606283,8938005,5092283,0,0,0,0,5795548,5930927
10,10,100,1,0,4,200,788,25,76925645,0,0,0,0,88793353,90698761,145865137,0,0,0,0,161766040,183365791,8883298,0,0,0,0,9543577,8744108,5077803,0,0,0,0,5676449,5815493
10,10,100,1,0,4,200,792,25,67777425,0,0,0,0,87744844,91057484,143865136,0,0,0,0,159966039,181565791,8779630,0,0,0,0,9514225,8824585,5022897,0,0,0,0,5691045,5870557
10,10,100,1,0,4,200,796,25,76759170,0,0,0,0,89550316,92152193,147265137,0,0,0,0,163166040,184765791,8962057,0,0,0,0,9737002,8997970,5284387,0,0,0,0,5964142,6045767
10,10,100,1,0,4,200,800,25,68422482,0,0,0,0,88847989,90318420,145265136,0,0,0,0,161366040,182965791,9202756,0,0,0,0,10029548,9274048,5320210,0,0,0,0,6037688,6134052
10,10,100,1,0,4,200,804,26,77162583,0,0,0,0,90260328,93767346,148665137,0,0,0,0,164566040,186965791,9116568,0,0,0,0,9821302,9043975,5260559,0,0,0,0,5980915,6095676
10,10,100,1,0,4,200,808,26,69236433,0,0,0,0,89426884,92196756,146665137,0,0,0,0,162766040,185165791,9295711,0,0,0,0,10090792,9243420,5355405,0,0,0,0,6103662,6211100
10,10,100,1,0,4,200,812,26,79790130,0,0,0,0,91175346,94873936,150065137,0,0,0,0,165966040,188365792,8990377,0,0,0,0,9797036,8966080,5263541,0,0,0,0,5847568,5941104
10,10,100,1,0,4,200,816,26,70970718,0,0,0,0,90163088,93091710,148065137,0,0,0,0,164166040,186565791,9356623,0,0,0,0,10187784,9335740,5466893,0,0,0,0,6146024,6261643
10,10,100,1,0,4,200,820,26,82355852,0,0,0,0,92791182,96062377,151465137,0,0,0,0,167366040,189765791,9024496,0,0,0,0,9835689,9183606,5338402,0,0,0,0,5946240,6031673
10,10,100,1,0,4,200,824,26,70389005,0,0,0,0,91486772,94050654,149465136,0,0,0,0,165566040,187965791,9497354,0,0,0,0,10284751,9493607,5474027,0,0,0,0,6198613,6274400
10,10,100,1,0,4,200,828,26,81212946,0,0,0,0,92897550,96503504,152865137,0,0,0,0,168766040,191165791,8976808,0,0,0,0,9932142,9218764,5404146,0,0,0,0,5963931,6005983
10,10,100,1,0,4,200,832,26,71409160,0,0,0,0,92016470,95005196,150865136,0,0,0,0,166966040,189365792,9239613,0,0,0,0,9987924,9265568,5296426,0,0,0,0,5965181,6007776
10,10,100,1,0,4,200,836,27,81948970,0,0,0,0,93271336,100404887,154265137,0,0,0,0,170166040,193365791,9397234,0,0,0,0,10435979,9522799,5673710,0,0,0,0,6338037,6410203
10,10,100,1,0,4,200,840,27,71487188,0,0,0,0,92837296,97124920,152265137,0,0,0,0,168366040,191565791,9433728,0,0,0,0,10198559,9392966,5456264,0,0,0,0,6163304,6253431
10,10,100,1,0,4,200,844,27,82463987,0,0,0,0,94110938,99261892,155665137,0,0,0,0,171566040,194765792,9195249,0,0,0,0,10103720,9291224,5510751,0,0,0,0,6074679,6163608
10,10,100,1,0,4,200,848,27,72516716,0,0,0,0,93839409,98268365,153665138,0,0,0,0,169766042,192965794,9536482,0,0,0,0,10330527,9500818,5509871,0,0,0,0,6237108,6295601
10,10,100,1,0,4,200,852,27,82219144,0,0,0,0,94932486,100694422,157065137,0,0,0,0,172966040,196165792,9238829,0,0,0,0,10193275,9372314,5577195,0,0,0,0,6144633,6178092
10,10,100,1,0,4,200,856,27,73930630,0,0,0,0,94167717,98881103,155065137,0,0,0,0,171166040,194365792,9617713,0,0,0,0,10392547,9583929,5583633,0,0,0,0,6281526,6335535
10,10,100,1,0,4,200,860,27,82754256,0,0,0,0,94460924,102021483,158465139,0,0,0,0,174366042,197565794,9451338,0,0,0,0,10447584,9609976,5735254,0,0,0,0,6333562,6394313
10,10,100,1,0,4,200,864,27,73850496,0,0,0,0,95250319,99731840,156465137,0,0,0,0,172566040,195765791,9939188,0,0,0,0,10765753,9903236,5737679,0,0,0,0,6458650,6483318
10,10,100,1,0,4,200,868,28,85011929,0,0,0,0,96277008,102931731,159865137,0,0,0,0,175766040,199765792,9335547,0,0,0,0,10372014,9514809,5707663,0,0,0,0,6245470,6253799
10,10,100,1,0,4,200,872,28,74162835,0,0,0,0,96578253,102098896,157865138,0,0,0,0,173966042,197965794,9798858,0,0,0,0,10599951,9695726,5652314,0,0,0,0,6443565,6416511
10,10,100,1,0,4,200,876,28,85227661,0,0,0,0,97095829,104942867,161265137,0,0,0,0,177166040,201165792,9739759,0,0,0,0,10903705,9899143,5985303,0,0,0,0,6611687,6563593
10,10,100,1,0,4,200,880,28,75051896,0,0,0,0,96565258,101888234,159265137,0,0,0,0,175366040,199365792,10078433,0,0,0,0,10922608,9946390,5851705,0,0,0,0,6550480,6624422
10,10,100,1,0,4,200,884,28,85221557,0,0,0,0,99093632,105244934,162665138,0,0,0,0,178566041,202565792,9798787,0,0,0,0,10987254,9958753,6044200,0,0,0,0,6711092,6664537
10,10,100,1,0,4,200,888,28,75553965,0,0,0,0,97007302,104261663,160665137,0,0,0,0,176766040,200765792,10204877,0,0,0,0,11028252,10022377,5902657,0,0,0,0,6617736,6649145
10,10,100,1,0,4,200,892,28,86052075,0,0,0,0,102626473,106295088,164065138,0,0,0,0,179966041,203965792,10016527,0,0,0,0,11124269,10118911,6089487,0,0,0,0,6783775,6648765
10,10,100,1,0,4,200,896,28,76188181,0,0,0,0,98098417,103669981,162065137,0,0,0,0,178166040,202165792,9972383,0,0,0,0,10759965,9794021,5622855,0,0,0,0,6234741,6179624
10,10,100,1,0,4,200,900,29,86349891,0,0,0,0,99537264,109864153,165465137,0,0,0,0,181366040,206165792,9928811,0,0,0,0,11187994,9995259,6153833,0,0,0,0,6750230,6793492
10,10,100,1,0,4,200,904,29,77030148,0,0,0,0,98901863,107328616,163465137,0,0,0,0,179566040,204365792,10143068,0,0,0,0,10809025,9741447,5629515,0,0,0,0,6316289,6412782
10,10,100,1,0,4,200,908,29,87088644,0,0,0,0,100416880,109215512,166865138,0,0,0,0,182766042,207565793,9722105,0,0,0,0,10881253,9800592,5922240,0,0,0,0,6432787,6429776
10,10,100,1,0,4,200,912,29,78279317,0,0,0,0,99359025,107320383,164865137,0,0,0,0,180966040,205765792,10287379,0,0,0,0,11040894,10091896,5922741,0,0,0,0,6603683,6639793
10,10,100,1,0,4,200,916,29,89134163,0,0,0,0,100946039,110546392,168265138,0,0,0,0,184166040,208965792,10121114,0,0,0,0,11114327,9959186,6113740,0,0,0,0,6649397,6701197
10,10,100,1,0,4,200,920,29,78343580,0,0,0,0,100016011,108922999,166265137,0,0,0,0,182366041,207165792,10287703,0,0,0,0,11003479,9922278,5703800,0,0,0,0,6370240,6451016
10,10,100,1,0,4,200,924,29,86652200,0,0,0,0,101684669,115253450,169665137,0,0,0,0,185566041,210365793,9798186,0,0,0,0,11039500,9965228,6038875,0,0,0,0,6573975,6602630
10,10,100,1,0,4,200,928,29,78432031,0,0,0,0,100918388,110718936,167665137,0,0,0,0,183766040,208565792,10694421,0,0,0,0,11512017,10429213,6102256,0,0,0,0,6844709,6849742
10,10,100,1,0,4,200,932,30,88413996,0,0,0,0,102458264,114057465,171065137,0,0,0,0,186966040,212565792,10074638,0,0,0,0,11120891,9929177,6042471,0,0,0,0,6630270,6694879
10,10,100,1,0,4,200,936,30,80535810,0,0,0,0,101731794,113091038,169065137,0,0,0,0,185166040,210765792,10791343,0,0,0,0,11608142,10343517,6183854,0,0,0,0,6902132,6954909
10,10,100,1,0,4,200,940,30,89903255,0,0,0,0,103217929,115200324,172465138,0,0,0,0,188366041,213965793,9984144,0,0,0,0,11192466,10035280,6129089,0,0,0,0,6669751,6699571
10,10,100,1,0,4,200,944,30,79917418,0,0,0,0,102966807,113747335,170465137,0,0,0,0,186566040,212165793,10862376,0,0,0,0,11676524,10452049,6227346,0,0,0,0,7004036,6976316
10,10,100,1,0,4,200,948,30,89859203,0,0,0,0,105236791,115550102,173865138,0,0,0,0,189766041,215365793,10065179,0,0,0,0,11313941,10139928,6165487,0,0,0,0,6734852,6735811
10,10,100,1,0,4,200,952,30,80795428,0,0,0,0,103846980,118554766,171865137,0,0,0,0,187966041,213565793,10959056,0,0,0,0,11754645,10583739,6246883,0,0,0,0,7042021,7002078
10,10,100,1,0,4,200,956,30,90218515,0,0,0,0,104930644,117280622,175265138,0,0,0,0,191166041,216765793,10255084,0,0,0,0,11408561,10221655,6233100,0,0,0,0,6779181,6789862
10,10,100,1,0,4,200,960,30,81108410,0,0,0,0,104794584,115395824,173265137,0,0,0,0,189366041,214965793,11070817,0,0,0,0,11893660,10646705,6304890,0,0,0,0,7093138,7054754
10,10,100,1,0,4,200,964,31,90374254,0,0,0,0,105392789,119031474,176665137,0,0,0,0,192566041,218965793,10303957,0,0,0,0,11493858,10208071,6286399,0,0,0,0,6793044,6923342
10,10,100,1,0,4,200,968,31,81750285,0,0,0,0,104135245,118762565,174665139,0,0,0,0,190766043,217165796,10931801,0,0,0,0,11700066,10403093,6225441,0,0,0,0,6948704,6994261
10,10,100,1,0,4,200,972,31,93892776,0,0,0,0,106167412,120359112,178065138,0,0,0,0,193966041,220365793,10402146,0,0,0,0,11714376,10351625,6456344,0,0,0,0,6952362,7033573
10,10,100,1,0,4,200,976,31,82548009,0,0,0,0,107843891,121191861,176065137,0,0,0,0,192166041,218565793,11137067,0,0,0,0,11950087,10615124,6353556,0,0,0,0,7081352,7142386
10,10,100,1,0,4,200,980,31,90627232,0,0,0,0,107164485,122358700,179465137,0,0,0,0,195366041,221765793,10612097,0,0,0,0,11699350,10331597,6394906,0,0,0,0,6868692,6943461
10,10,100,1,0,4,200,984,31,83034806,0,0,0,0,108176107,121057146,177465137,0,0,0,0,193566041,219965793,11301296,0,0,0,0,12182103,10776774,6493645,0,0,0,0,7231273,7241072
10,10,100,1,0,4,200,988,31,93311350,0,0,0,0,108182541,122424365,180865138,0,0,0,0,196766041,223165793,10604499,0,0,0,0,11768507,10442930,6505247,0,0,0,0,6919638,6942036
10,10,100,1,0,4,200,992,31,83449956,0,0,0,0,106971543,123239831,178865137,0,0,0,0,194966041,221365793,11428277,0,0,0,0,12270213,10845128,6511657,0,0,0,0,7191620,7261465
10,10,100,1,0,4,200,996,32,93334256,0,0,0,0,109042187,126810716,182265138,0,0,0,0,198166041,225365793,10738701,0,0,0,0,11897310,10384853,6569822,0,0,0,0,7008260,7052143
10,10,100,1,0,4,200,1000,32,83785219,0,0,0,0,107969200,125698181,180265138,0,0,0,0,196366041,223565793,11148935,0,0,0,0,11890665,10443162,6305707,0,0,0,0,6970306,7009547
10,10,100,1,0,4,200,1004,32,91079896,0,0,0,0,109351112,127141697,183665138,0,0,0,0,199566041,226765793,11270167,0,0,0,0,12455572,10861563,6829404,0,0,0,0,7370733,7424921
10,10,100,1,0,4,200,1008,32,84955615,0,0,0,0,108695889,126351088,181665137,0,0,0,0,197766041,224965793,11612030,0,0,0,0,12457087,10932795,6628102,0,0,0,0,7308615,7368810
10,10,100,1,0,4,200,1012,32,90697129,0,0,0,0,109875920,130729942,185065138,0,0,0,0,200966041,228165794,11227409,0,0,0,0,12540969,10868590,6847689,0,0,0,0,7400835,7364945
10,10,100,1,0,4,200,1016,32,85875725,0,0,0,0,108984107,129642234,183065138,0,0,0,0,199166041,226365794,11372208,0,0,0,0,12154811,10556097,6329886,0,0,0,0,6894814,7009562
10,10,100,1,0,4,200,1020,32,87780433,0,0,0,0,111178870,132082365,186465138,0,0,0,0,202366041,229565794,11456701,0,0,0,0,12208340,10790788,6459910,0,0,0,0,7158585,7100300
10,10,100,1,0,4,200,1024,32,85293178,0,0,0,0,113720091,130777930,184465137,0,0,0,0,200566041,227765794,11413213,0,0,0,0,12421574,10387553,6127825,0,0,0,0,6764177,6034190
10,10,100,1,0,6,200,4,1,1547400,0,0,0,0,6255347,6224582,5864292,0,0,0,0,21118582,23518305,17743,0,0,0,0,29906,29066,5628,0,0,0,0,10109,9933
10,10,100,1,0,6,200,8,1,1865809,0,0,0,0,6421380,6446155,6664292,0,0,0,0,22718582,25118305,94831,0,0,0,0,103025,106115,10412,0,0,0,0,15275,15540
10,10,100,1,0,6,200,12,1,2427250,0,0,0,0,7156911,7514582,10064292,0,0,0,0,25918581,28318305,169248,0,0,0,0,168686,171214,15159,0,0,0,0,20115,20456
10,10,100,1,0,6,200,16,1,2118095,0,0,0,0,6859004,6915615,8064292,0,0,0,0,24118582,26518305,227352,0,0,0,0,239171,236098,21127,0,0,0,0,28110,28031
10,10,100,1,0,6,200,20,1,2814016,0,0,0,0,7616702,7748792,11464292,0,0,0,0,27318582,29718305,300164,0,0,0,0,301145,303572,26472,0,0,0,0,33689,33872
10,10,100,1,0,6,200,24,1,2507972,0,0,0,0,7223804,7358379,9464292,0,0,0,0,25518581,27918305,330501,0,0,0,0,343372,345618,34166,0,0,0,0,41393,42789
10,10,100,1,0,6,200,28,1,3190436,0,0,0,0,8224629,8183432,12864292,0,0,0,0,28718582,31118305,396883,0,0,0,0,407338,406386,41085,0,0,0,0,49170,49330
10,10,100,1,0,6,200,32,1,2926217,0,0,0,0,7828576,8385641,10864292,0,0,0,0,26918582,29318305,447821,0,0,0,0,475582,477046,49355,0,0,0,0,58127,62721
10,10,100,1,0,6,200,36,2,3592927,0,0,0,0,8855517,8909678,14264292,0,0,0,0,30118582,33318305,478672,0,0,0,0,498971,504878,55997,0,0,0,0,65026,64629
10,10,100,1,0,6,200,40,2,3327470,0,0,0,0,8405097,8541464,12264292,0,0,0,0,28318582,31518305,545611,0,0,0,0,589871,593578,64950,0,0,0,0,71971,70789
10,10,100,1,0,6,200,44,2,4001642,0,0,0,0,9452314,9522860,15664292,0,0,0,0,31518582,34718305,574630,0,0,0,0,600496,607727,73480,0,0,0,0,84330,82926
10,10,100,1,0,6,200,48,2,3821702,0,0,0,0,9069735,9194803,13664292,0,0,0,0,29718582,32918305,647055,0,0,0,0,695898,697063,81994,0,0,0,0,93176,93136
10,10,100,1,0,6,200,52,2,4439353,0,0,0,0,10100070,10162078,17064292,0,0,0,0,32918582,36118305,664569,0,0,0,0,698943,706452,88863,0,0,0,0,98853,99497
10,10,100,1,0,6,200,56,2,4306608,0,0,0,0,9712232,10804192,15064292,0,0,0,0,31118582,34318305,745239,0,0,0,0,803708,803552,97818,0,0,0,0,111055,111142
10,10,100,1,0,6,200,60,2,4881148,0,0,0,0,10736934,11870064,18464292,0,0,0,0,34318582,37518305,754360,0,0,0,0,804209,810026,102136,0,0,0,0,112825,115493
10,10,100,1,0,6,200,64,2,4814139,0,0,0,0,10469168,10384538,16464292,0,0,0,0,32518582,35718305,844463,0,0,0,0,917012,915312,113633,0,0,0,0,127215,125656
10,10,100,1,0,6,200,68,3,5257384,0,0,0,0,12374043,11611841,19864292,0,0,0,0,35718582,39718305,843479,0,0,0,0,906091,915492,108925,0,0,0,0,134398,139091
10,10,100,1,0,6,200,72,3,5254844,0,0,0,0,11014833,11200276,17864292,0,0,0,0,33918582,37918305,940770,0,0,0,0,1018285,1025779,126636,0,0,0,0,145934,144835
10,10,100,1,0,6,200,76,3,5802809,0,0,0,0,12056823,12216234,21264292,0,0,0,0,37118582,41118305,983783,0,0,0,0,1075036,1086367,136040,0,0,0,0,160168,154714
10,10,100,1,0,6,200,80,3,5670973,0,0,0,0,11655562,11821603,19264292,0,0,0,0,35318582,39318305,993303,0,0,0,0,1055740,1068472,134715,0,0,0,0,157912,157995
10,10,100,1,0,6,200,84,3,6272803,0,0,0,0,13201384,13358331,22664292,0,0,0,0,38518582,42518306,1072436,0,0,0,0,1121582,1131116,148656,0,0,0,0,161676,162683
10,10,100,1,0,6,200,88,3,6226713,0,0,0,0,12794983,13599738,20664292,0,0,0,0,36718582,40718306,1087991,0,0,0,0,1162851,1170037,151023,0,0,0,0,202030,180969
10,10,100,1,0,6,200,92,3,6787852,0,0,0,0,13745549,14596173,24064292,0,0,0,0,39918582,43918306,1158489,0,0,0,0,1272443,1278104,164771,0,0,0,0,199536,195720
10,10,100,1,0,6,200,96,3,6693178,0,0,0,0,13104528,14433958,22064292,0,0,0,0,38118582,42118305,1233523,0,0,0,0,1336586,1352909,171905,0,0,0,0,206234,227163
10,10,100,1,0,6,200,100,4,7421007,0,0,0,0,14024847,15205797,25464292,0,0,0,0,41318582,46118305,1221325,0,0,0,0,1305048,1310170,187709,0,0,0,0,210687,212892
10,10,100,1,0,6,200,104,4,7243670,0,0,0,0,14594939,14762062,23464292,0,0,0,0,39518582,44318306,1330788,0,0,0,0,1447243,1471233,187836,0,0,0,0,222854,222548
10,10,100,1,0,6,200,108,4,7720469,0,0,0,0,15759939,15953822,26864292,0,0,0,0,42718582,47518306,1287222,0,0,0,0,1409410,1429506,189776,0,0,0,0,243310,235434
10,10,100,1,0,6,200,112,4,7714311,0,0,0,0,15275922,15704284,24864292,0,0,0,0,40918582,45718306,1427843,0,0,0,0,1544932,1571090,203285,0,0,0,0,252799,234068
10,10,100,1,0,6,200,116,4,8197046,0,0,0,0,16704568,16699366,28264292,0,0,0,0,44118582,48918306,1381984,0,0,0,0,1509434,1531580,205225,0,0,0,0,259513,286466
10,10,100,1,0,6,200,120,4,8259108,0,0,0,0,16032815,17024482,26264292,0,0,0,0,42318582,47118306,1520497,0,0,0,0,1654129,1682978,230014,0,0,0,0,290599,352996
10,10,100,1,0,6,200,124,4,8828787,0,0,0,0,17377392,17152151,29664292,0,0,0,0,45518583,50318306,1508623,0,0,0,0,1699333,1717874,231525,0,0,0,0,300353,295553
10,10,100,1,0,6,200,128,4,8779020,0,0,0,0,16725282,16741931,27664292,0,0,0,0,43718582,48518306,1620561,0,0,0,0,1756554,1794891,245357,0,0,0,0,304135,311891
10,10,100,1,0,6,200,132,5,9446859,0,0,0,0,17573820,17893906,31064292,0,0,0,0,46918583,52518306,1614706,0,0,0,0,1833938,1835744,257825,0,0,0,0,290193,274602
10,10,100,1,0,6,200,136,5,10026857,0,0,0,0,17407532,18550066,29064292,0,0,0,0,45118582,50718306,1715261,0,0,0,0,1867097,1868850,282114,0,0,0,0,359156,405000
10,10,100,1,0,6,200,140,5,9913135,0,0,0,0,18802577,19856677,32464292,0,0,0,0,48318583,53918306,1725026,0,0,0,0,1924955,1911152,285082,0,0,0,0,360344,438999
10,10,100,1,0,6,200,144,5,9907759,0,0,0,0,18029300,18635235,30464292,0,0,0,0,46518583,52118306,1736313,0,0,0,0,1864312,1880946,288146,0,0,0,0,373952,454826
10,10,100,1,0,6,200,148,5,10758795,0,0,0,0,19209765,19313310,33864292,0,0,0,0,49718583,55318306,1733347,0,0,0,0,1928696,1921805,332968,0,0,0,0,419685,432356
10,10,100,1,0,6,200,152,5,10578222,0,0,0,0,18830806,18834204,31864292,0,0,0,0,47918582,53518306,1896689,0,0,0,0,2080956,2073142,328312,0,0,0,0,396828,431025
10,10,100,1,0,6,200,156,5,11331465,0,0,0,0,20796033,20200922,35264292,0,0,0,0,51118583,56718306,1889078,0,0,0,0,2083176,2089428,360305,0,0,0,0,438524,432531
10,10,100,1,0,6,200,160,5,11874721,0,0,0,0,19760334,19546550,33264292,0,0,0,0,49318582,54918306,1936431,0,0,0,0,2082802,2092486,376416,0,0,0,0,535749,502971
10,10,100,1,0,6,200,164,6,12340890,0,0,0,0,20707837,21020426,36664292,0,0,0,0,52518583,58918306,1966822,0,0,0,0,2134889,2147538,401762,0,0,0,0,493787,495124
10,10,100,1,0,6,200,168,6,13698670,0,0,0,0,20412523,20645791,34664292,0,0,0,0,50718583,57118306,2038733,0,0,0,0,2195349,2162612,478143,0,0,0,0,527868,539582
10,10,100,1,0,6,200,172,6,13535121,0,0,0,0,23076962,21775521,38064292,0,0,0,0,53918583,60318306,2071854,0,0,0,0,2321836,2277941,418839,0,0,0,0,615674,558453
10,10,100,1,0,6,200,176,6,12915604,0,0,0,0,21606806,21529129,36064292,0,0,0,0,52118583,58518306,2112026,0,0,0,0,2298896,2268094,458254,0,0,0,0,609606,586142
10,10,100,1,0,6,200,180,6,13749455,0,0,0,0,22333627,22323987,39464292,0,0,0,0,55318583,61718306,2156409,0,0,0,0,2461894,2420868,512569,0,0,0,0,654943,642684
10,10,100,1,0,6,200,184,6,13618390,0,0,0,0,22112888,22886697,37464292,0,0,0,0,53518583,59918306,2187765,0,0,0,0,2419535,2417444,495708,0,0,0,0,641279,690853
10,10,100,1,0,6,200,188,6,14490773,0,0,0,0,23320683,23078105,40864293,0,0,0,0,56718583,63118307,2204625,0,0,0,0,2527190,2490727,519637,0,0,0,0,741919,698151
10,10,100,1,0,6,200,192,6,14411200,0,0,0,0,23346450,22771388,38864293,0,0,0,0,54918583,61318306,2283094,0,0,0,0,2513086,2478281,542396,0,0,0,0,773095,715361
10,10,100,1,0,6,200,196,7,15907933,0,0,0,0,24003066,23797093,42264293,0,0,0,0,58118583,65318306,2306364,0,0,0,0,2641424,2552792,631025,0,0,0,0,772851,737642
10,10,100,1,0,6,200,200,7,15412004,0,0,0,0,23851705,25166850,40264293,0,0,0,0,56318584,63518307,2374290,0,0,0,0,2595743,2551406,635385,0,0,0,0,825905,906432
10,10,100,1,0,6,200,204,7,16277491,0,0,0,0,24594297,24543998,43664293,0,0,0,0,59518583,66718306,2393178,0,0,0,0,2741606,2662848,661145,0,0,0,0,747405,777721
10,10,100,1,0,6,200,208,7,16118594,0,0,0,0,24830959,24165910,41664293,0,0,0,0,57718584,64918306,2472626,0,0,0,0,2716901,2666709,658936,0,0,0,0,875412,907390
10,10,100,1,0,6,200,212,7,17018173,0,0,0,0,25957129,25203552,45064293,0,0,0,0,60918583,68118306,2492435,0,0,0,0,2837948,2768374,706316,0,0,0,0,942002,851039
10,10,100,1,0,6,200,216,7,16799247,0,0,0,0,25483771,24844813,43064293,0,0,0,0,59118583,66318306,2551583,0,0,0,0,2810073,2753560,723349,0,0,0,0,973997,960740
10,10,100,1,0,6,200,220,7,17613554,0,0,0,0,27234036,26408135,46464293,0,0,0,0,62318584,69518307,2547308,0,0,0,0,2877466,2808285,772789,0,0,0,0,1076887,1008061
10,10,100,1,0,6,200,224,7,17958111,0,0,0,0,26477439,25810387,44464293,0,0,0,0,60518583,67718306,2672913,0,0,0,0,3001258,2948695,786656,0,0,0,0,923895,952832
10,10,100,1,0,6,200,228,8,18413716,0,0,0,0,27490925,26759800,47864293,0,0,0,0,63718583,71718307,2628904,0,0,0,0,2968518,2854027,836279,0,0,0,0,1090659,1112630
10,10,100,1,0,6,200,232,8,18432618,0,0,0,0,27753825,27578484,45864293,0,0,0,0,61918583,69918307,2767762,0,0,0,0,3082838,2999367,822889,0,0,0,0,1157174,1083535
10,10,100,1,0,6,200,236,8,20319199,0,0,0,0,28417507,27754872,49264293,0,0,0,0,65118583,73118306,2784051,0,0,0,0,3079169,3077631,989658,0,0,0,0,1165579,1136426
10,10,100,1,0,6,200,240,8,19511860,0,0,0,0,28781882,27658804,47264294,0,0,0,0,63318584,71318307,2842116,0,0,0,0,3138436,3039975,919837,0,0,0,0,1231250,1197690
10,10,100,1,0,6,200,244,8,21332894,0,0,0,0,29407664,28126319,50664293,0,0,0,0,66518583,74518306,2819139,0,0,0,0,3266066,3149820,1003565,0,0,0,0,1141035,1126370
10,10,100,1,0,6,200,248,8,20051852,0,0,0,0,29694953,27741439,48664293,0,0,0,0,64718583,72718306,2999728,0,0,0,0,3346612,3254829,971439,0,0,0,0,1378283,1268812
10,10,100,1,0,6,200,252,8,20945271,0,0,0,0,30596454,29504640,52064293,0,0,0,0,67918584,75918307,2896290,0,0,0,0,3287179,3183579,1009311,0,0,0,0,1353952,1327058
10,10,100,1,0,6,200,256,8,20998456,0,0,0,0,29620711,28564575,50064293,0,0,0,0,66118583,74118306,3023735,0,0,0,0,3412918,3350296,1024726,0,0,0,0,1291370,1221233
10,10,100,1,0,6,200,260,9,21494905,0,0,0,0,30988127,29706875,53464293,0,0,0,0,69318583,78118307,2995410,0,0,0,0,3404989,3266144,1068628,0,0,0,0,1355306,1386291
10,10,100,1,0,6,200,264,9,21863579,0,0,0,0,31127990,29279949,51464293,0,0,0,0,67518583,76318307,3164873,0,0,0,0,3575604,3430858,1162939,0,0,0,0,1395432,1396691
10,10,100,1,0,6,200,268,9,22730536,0,0,0,0,33846165,31124541,54864294,0,0,0,0,70718584,79518307,3088311,0,0,0,0,3499583,3344643,1131037,0,0,0,0,1625091,1455940
10,10,100,1,0,6,200,272,9,25397663,0,0,0,0,34111354,29821446,52864293,0,0,0,0,68918583,77718307,3298205,0,0,0,0,3511657,3402804,1381884,0,0,0,0,1633295,1491211
10,10,100,1,0,6,200,276,9,25809147,0,0,0,0,34941570,31117352,56264293,0,0,0,0,72118584,80918307,3259231,0,0,0,0,3682811,3535845,1358680,0,0,0,0,1566987,1372029
10,10,100,1,0,6,200,280,9,23316295,0,0,0,0,32803031,31138424,54264293,0,0,0,0,70318583,79118307,3359978,0,0,0,0,3776378,3672601,1313202,0,0,0,0,1602815,1690118
10,10,100,1,0,6,200,284,9,26041487,0,0,0,0,34450964,32116401,57664294,0,0,0,0,73518584,82318307,3367436,0,0,0,0,3717948,3556017,1394036,0,0,0,0,1609812,1525912
10,10,100,1,0,6,200,288,9,24245398,0,0,0,0,36475143,31338353,55664293,0,0,0,0,71718584,80518307,3362311,0,0,0,0,3786332,3676827,1393059,0,0,0,0,1759802,1530861
10,10,100,1,0,6,200,292,10,24688507,0,0,0,0,37404900,32249850,59064293,0,0,0,0,74918584,84518307,3354116,0,0,0,0,3810388,3650816,1343201,0,0,0,0,1913918,1652616
10,10,100,1,0,6,200,296,10,24753218,0,0,0,0,35079991,32030309,57064293,0,0,0,0,73118584,82718307,3512696,0,0,0,0,4020546,3924635,1583462,0,0,0,0,1654599,1602198
10,10,100,1,0,6,200,300,10,25841641,0,0,0,0,36560975,32855347,60464293,0,0,0,0,76318584,85918307,3507278,0,0,0,0,4030950,3888013,1520457,0,0,0,0,2140927,1912797
10,10,100,1,0,6,200,304,10,26072900,0,0,0,0,37599505,32667475,58464293,0,0,0,0,74518584,84118307,3493301,0,0,0,0,3912999,3774962,1693456,0,0,0,0,1835067,1796216
10,10,100,1,0,6,200,308,10,26375429,0,0,0,0,41915037,33600207,61864293,0,0,0,0,77718584,87318307,3607013,0,0,0,0,4162746,4058014,1557993,0,0,0,0,2421795,1982910
10,10,100,1,0,6,200,312,10,27740958,0,0,0,0,36807659,33230290,59864293,0,0,0,0,75918584,85518307,3625128,0,0,0,0,4023381,3936107,1837936,0,0,0,0,2122479,1907141
10,10,100,1,0,6,200,316,10,29124899,0,0,0,0,37771488,34637870,63264293,0,0,0,0,79118584,88718307,3804071,0,0,0,0,4286003,4134592,1744777,0,0,0,0,2003960,1868777
10,10,100,1,0,6,200,320,10,27590459,0,0,0,0,37726705,33933303,61264293,0,0,0,0,77318584,86918307,3657314,0,0,0,0,4083066,3961623,1767580,0,0,0,0,2374761,2196854
10,10,100,1,0,6,200,324,11,30653164,0,0,0,0,39041653,34810980,64664294,0,0,0,0,80518584,90918307,3840776,0,0,0,0,4237564,4123713,1916341,0,0,0,0,2366092,2238537
10,10,100,1,0,6,200,328,11,29673687,0,0,0,0,39585470,34771272,62665134,0,0,0,0,78719424,89119147,3861526,0,0,0,0,4374340,4230049,2076914,0,0,0,0,2244259,1925709
10,10,100,1,0,6,200,332,11,32326286,0,0,0,0,40401833,36026473,66065134,0,0,0,0,81919424,92319147,3998707,0,0,0,0,4538325,4366820,2155909,0,0,0,0,2375194,2020088
10,10,100,1,0,6,200,336,11,29408218,0,0,0,0,39811162,35621612,64065133,0,0,0,0,80119424,90519147,3809930,0,0,0,0,4401854,4236828,1990835,0,0,0,0,2218658,1970011
10,10,100,1,0,6,200,340,11,32221406,0,0,0,0,41101512,36567994,67465134,0,0,0,0,83319424,93719147,4038558,0,0,0,0,4599304,4427773,2250902,0,0,0,0,2463236,2074505
10,10,100,1,0,6,200,344,11,31689198,0,0,0,0,41236217,36160563,65465134,0,0,0,0,81519424,91919147,4061745,0,0,0,0,4528953,4381116,2174802,0,0,0,0,2457835,2100649
10,10,100,1,0,6,200,348,11,33208623,0,0,0,0,41861633,37400047,68865134,0,0,0,0,84719424,95119147,3978517,0,0,0,0,4545327,4397803,2141751,0,0,0,0,2386273,2101964
10,10,100,1,0,6,200,352,11,30670235,0,0,0,0,41989760,37361076,66865134,0,0,0,0,82919424,93319147,3964408,0,0,0,0,4619376,4479152,2183104,0,0,0,0,2475799,2113515
10,10,100,1,0,6,200,356,12,31138628,0,0,0,0,43271180,38414804,70265134,0,0,0,0,86119424,97319147,4095795,0,0,0,0,4810204,4621597,2157846,0,0,0,0,2654723,2279303
10,10,100,1,0,6,200,360,12,31433780,0,0,0,0,42823141,38464801,68265134,0,0,0,0,84319424,95519147,4098512,0,0,0,0,4669445,4502965,2240005,0,0,0,0,2513612,2272414
10,10,100,1,0,6,200,364,12,32227127,0,0,0,0,44354704,40160349,71665134,0,0,0,0,87519424,98719147,4062605,0,0,0,0,4775460,4622143,2211668,0,0,0,0,2601911,2338549
10,10,100,1,0,6,200,368,12,31442340,0,0,0,0,44073784,38786026,69665134,0,0,0,0,85719424,96919147,4184549,0,0,0,0,4772560,4651218,2200823,0,0,0,0,2594546,2321006
10,10,100,1,0,6,200,372,12,32798935,0,0,0,0,46419857,40147992,73065134,0,0,0,0,88919424,100119147,4148315,0,0,0,0,4764875,4723451,2326228,0,0,0,0,2744870,2457450
10,10,100,1,0,6,200,376,12,32499289,0,0,0,0,45233919,39459166,71065134,0,0,0,0,87119424,98319147,4384988,0,0,0,0,5066256,4965791,2422989,0,0,0,0,2829789,2554688
10,10,100,1,0,6,200,380,12,33401064,0,0,0,0,45841776,41152936,74465134,0,0,0,0,90319424,101519147,4374194,0,0,0,0,5103998,4997565,2444406,0,0,0,0,2919457,2718646
10,10,100,1,0,6,200,384,12,33060126,0,0,0,0,45718414,42693745,72465134,0,0,0,0,88519424,99719148,4363259,0,0,0,0,5015562,4814703,2371774,0,0,0,0,2816672,2591135
10,10,100,1,0,6,200,388,13,34484443,0,0,0,0,47369184,41416736,75865134,0,0,0,0,91719424,103719147,4436020,0,0,0,0,5211345,5029216,2550368,0,0,0,0,3023897,2766013
10,10,100,1,0,6,200,392,13,34081827,0,0,0,0,46761428,41097478,73865134,0,0,0,0,89919424,101919147,4566541,0,0,0,0,5248139,5160209,2545639,0,0,0,0,3027453,2838041
10,10,100,1,0,6,200,396,13,35456639,0,0,0,0,47942986,42243446,77265134,0,0,0,0,93119425,105119147,4398796,0,0,0,0,5124445,4958717,2544880,0,0,0,0,2964852,2757483
10,10,100,1,0,6,200,400,13,34291556,0,0,0,0,47749457,42026619,75265134,0,0,0,0,91319425,103319148,4696307,0,0,0,0,5324359,5214171,2526771,0,0,0,0,3070115,2946849
10,10,100,1,0,6,200,404,13,36167824,0,0,0,0,48737384,42906651,78665134,0,0,0,0,94519424,106519147,4631344,0,0,0,0,5398202,5324964,2742435,0,0,0,0,3125062,2945738
10,10,100,1,0,6,200,408,13,35349030,0,0,0,0,48366922,42588681,76665134,0,0,0,0,92719425,104719147,4581523,0,0,0,0,5185134,5118785,2529653,0,0,0,0,3009567,2857604
10,10,100,1,0,6,200,412,13,36967858,0,0,0,0,49488285,43814963,80065134,0,0,0,0,95919425,107919148,4660611,0,0,0,0,5438097,5264567,2736652,0,0,0,0,3128263,2964477
10,10,100,1,0,6,200,416,13,35967557,0,0,0,0,49674894,43689512,78065134,0,0,0,0,94119424,106119148,4839600,0,0,0,0,5570379,5442805,2702376,0,0,0,0,3225009,3057820
10,10,100,1,0,6,200,420,14,37715932,0,0,0,0,50425500,44993138,81465134,0,0,0,0,97319425,110119148,4722082,0,0,0,0,5465395,5278702,2805257,0,0,0,0,3188957,3009481
10,10,100,1,0,6,200,424,14,36810676,0,0,0,0,50628192,45590193,79465135,0,0,0,0,95519426,108319149,4867690,0,0,0,0,5519734,5360461,2723383,0,0,0,0,3209592,3045839
10,10,100,1,0,6,200,428,14,38629799,0,0,0,0,51110925,45208524,82865134,0,0,0,0,98719425,111519148,4768524,0,0,0,0,5528961,5373407,2782027,0,0,0,0,3174987,3010204
10,10,100,1,0,6,200,432,14,37396354,0,0,0,0,51104165,48029523,80865134,0,0,0,0,96919425,109719148,4926194,0,0,0,0,5554178,5467867,2675929,0,0,0,0,3168767,3041693
10,10,100,1,0,6,200,436,14,38987016,0,0,0,0,52068751,47745957,84265134,0,0,0,0,100119425,112919148,4944414,0,0,0,0,5659030,5480622,2839801,0,0,0,0,3357394,3193669
10,10,100,1,0,6,200,440,14,37899588,0,0,0,0,51847328,48769970,82265134,0,0,0,0,98319425,111119148,4973020,0,0,0,0,5623819,5534411,2720123,0,0,0,0,3250724,3118750
10,10,100,1,0,6,200,444,14,39657824,0,0,0,0,53029922,47180047,85665134,0,0,0,0,101519425,114319148,4962512,0,0,0,0,5730655,5617180,2809481,0,0,0,0,3293620,3068341
10,10,100,1,0,6,200,448,14,38900564,0,0,0,0,52574444,47230905,83665134,0,0,0,0,99719425,112519148,5036435,0,0,0,0,5764013,5591682,2774276,0,0,0,0,3295949,3120283
10,10,100,1,0,6,200,452,15,41277913,0,0,0,0,54436054,49551822,87065135,0,0,0,0,102919426,116519149,5144699,0,0,0,0,5868637,5619292,2980362,0,0,0,0,3486050,3262295
10,10,100,1,0,6,200,456,15,39447444,0,0,0,0,53746317,47073168,85065134,0,0,0,0,101119425,114719148,5137962,0,0,0,0,5856149,5720650,2818902,0,0,0,0,3362939,3184046
10,10,100,1,0,6,200,460,15,42680360,0,0,0,0,54919917,48717659,88465135,0,0,0,0,104319425,117919148,5156918,0,0,0,0,5872170,5700217,2933250,0,0,0,0,3450657,3249787
10,10,100,1,0,6,200,464,15,40046915,0,0,0,0,54537500,48414671,86465134,0,0,0,0,102519425,116119148,5238689,0,0,0,0,5943092,5809366,2870149,0,0,0,0,3413515,3219794
10,10,100,1,0,6,200,468,15,42080976,0,0,0,0,55071915,49826265,89865135,0,0,0,0,105719425,119319148,5230013,0,0,0,0,5953163,5804373,2976404,0,0,0,0,3487430,3333950
10,10,100,1,0,6,200,472,15,40466615,0,0,0,0,55399640,49863827,87865135,0,0,0,0,103919426,117519148,5371908,0,0,0,0,6049459,5919451,3026161,0,0,0,0,3601448,3373880
10,10,100,1,0,6,200,476,15,42863209,0,0,0,0,56176007,50434076,91265134,0,0,0,0,107119425,120719148,5321056,0,0,0,0,6100744,5926853,3022493,0,0,0,0,3555105,3353189
10,10,100,1,0,6,200,480,15,41271172,0,0,0,0,56193513,50731993,89265135,0,0,0,0,105319425,118919148,5445671,0,0,0,0,6174797,5994187,3071394,0,0,0,0,3654728,3396488
10,10,100,1,0,6,200,484,16,43398173,0,0,0,0,56893743,52033974,92665134,0,0,0,0,108519425,122919148,5400471,0,0,0,0,6145264,5957659,3116767,0,0,0,0,3636863,3435711
10,10,100,1,0,6,200,488,16,42080003,0,0,0,0,57074647,52187724,90665135,0,0,0,0,106719426,121119149,5557039,0,0,0,0,6253378,6061361,3124642,0,0,0,0,3721361,3544505
10,10,100,1,0,6,200,492,16,44528405,0,0,0,0,57647882,52938407,94065135,0,0,0,0,109919425,124319148,5492753,0,0,0,0,6232141,6065724,3160428,0,0,0,0,3689785,3500962
10,10,100,1,0,6,200,496,16,42623921,0,0,0,0,57547312,52404676,92065134,0,0,0,0,108119425,122519148,5643689,0,0,0,0,6334890,6111564,3167309,0,0,0,0,3808551,3568976
10,10,100,1,0,6,200,500,16,44920616,0,0,0,0,57839078,56483681,95465134,0,0,0,0,111319425,125719148,5593659,0,0,0,0,6323617,6086687,3210619,0,0,0,0,3751346,3568158
10,10,100,1,0,6,200,504,16,43381575,0,0,0,0,58675396,53186709,93465135,0,0,0,0,109519425,123919148,5680882,0,0,0,0,6348925,6126304,3163221,0,0,0,0,3761709,3577252
10,10,100,1,0,6,200,508,16,45839942,0,0,0,0,58793738,55996483,96865135,0,0,0,0,112719425,127119148,5736187,0,0,0,0,6434581,6199184,3376786,0,0,0,0,3883635,3661351
10,10,100,1,0,6,200,512,16,43569176,0,0,0,0,60907593,61304668,94865134,0,0,0,0,110919425,125319149,5834419,0,0,0,0,6773452,6119261,3138072,0,0,0,0,3651241,3422649
10,10,100,1,0,6,200,516,17,47491987,0,0,0,0,60559575,58624002,98265135,0,0,0,0,114119425,129319149,5887812,0,0,0,0,6685308,6385264,3398046,0,0,0,0,3978565,3778092
10,10,100,1,0,6,200,520,17,44863817,0,0,0,0,59411119,58771140,96265134,0,0,0,0,112319425,127519148,5833489,0,0,0,0,6533016,6325323,3258309,0,0,0,0,3854350,3661326
10,10,100,1,0,6,200,524,17,47943309,0,0,0,0,61041663,59821227,99665135,0,0,0,0,115519425,130719149,6047782,0,0,0,0,6895083,6586784,3534802,0,0,0,0,4125438,3873457
10,10,100,1,0,6,200,528,17,45321078,0,0,0,0,60850720,58306359,97665135,0,0,0,0,113719425,128919148,5877126,0,0,0,0,6608514,6387424,3300959,0,0,0,0,3961350,3758702
10,10,100,1,0,6,200,532,17,48436936,0,0,0,0,61534400,59810289,101065135,0,0,0,0,116919425,132119148,6122402,0,0,0,0,6952693,6609814,3563112,0,0,0,0,4175453,3946915
10,10,100,1,0,6,200,536,17,46546767,0,0,0,0,60881877,59247483,99065135,0,0,0,0,115119425,130319149,6038573,0,0,0,0,6730577,6489320,3367936,0,0,0,0,3991208,3800768
10,10,100,1,0,6,200,540,17,49414482,0,0,0,0,62095915,60388937,102465135,0,0,0,0,118319425,133519148,6221896,0,0,0,0,7020579,6760158,3628250,0,0,0,0,4223009,4010812
10,10,100,1,0,6,200,544,17,46686613,0,0,0,0,62105372,59802105,100465135,0,0,0,0,116519425,131719149,6062064,0,0,0,0,6806218,6564001,3421917,0,0,0,0,4060795,3856530
10,10,100,1,0,6,200,548,18,49613430,0,0,0,0,62954385,58278240,103865135,0,0,0,0,119719426,135719148,6349931,0,0,0,0,7191350,6810733,3666063,0,0,0,0,4293712,3978565
10,10,100,1,0,6,200,552,18,47214590,0,0,0,0,63039798,59152690,101865135,0,0,0,0,117919426,133919149,6258596,0,0,0,0,7013115,6715993,3528558,0,0,0,0,4184812,3912906
10,10,100,1,0,6,200,556,18,50646445,0,0,0,0,63612624,59637296,105265135,0,0,0,0,121119425,137119149,6424641,0,0,0,0,7215599,6898015,3745634,0,0,0,0,4334378,4097270
10,10,100,1,0,6,200,560,18,48046506,0,0,0,0,63740240,58237923,103265135,0,0,0,0,119319425,135319149,6294868,0,0,0,0,7026318,6766647,3511580,0,0,0,0,4187662,3890213
10,10,100,1,0,6,200,564,18,51929850,0,0,0,0,65615086,62291086,106665136,0,0,0,0,122519427,138519150,6430576,0,0,0,0,7157276,6822892,3758042,0,0,0,0,4320346,4040628
10,10,100,1,0,6,200,568,18,48842134,0,0,0,0,64420058,60233376,104665135,0,0,0,0,120719426,136719149,6339350,0,0,0,0,7057366,6766941,3552088,0,0,0,0,4224209,4041349
10,10,100,1,0,6,200,572,18,51913724,0,0,0,0,65908192,60594771,108065135,0,0,0,0,123919425,139919149,6405825,0,0,0,0,7171420,6876894,3676601,0,0,0,0,4294728,3949872
10,10,100,1,0,6,200,576,18,49534070,0,0,0,0,68534371,60503300,106065135,0,0,0,0,122119426,138119149,6693530,0,0,0,0,7522681,7139116,3758256,0,0,0,0,4509854,4183501
10,10,100,1,0,6,200,580,19,52893351,0,0,0,0,69797122,62881712,109465135,0,0,0,0,125319426,142119149,6500909,0,0,0,0,7170628,6898570,3735570,0,0,0,0,4372117,4111586
10,10,100,1,0,6,200,584,19,50082604,0,0,0,0,69039457,64629342,107465135,0,0,0,0,123519426,140319149,6742897,0,0,0,0,7526885,7301100,3814925,0,0,0,0,4583253,4248617
10,10,100,1,0,6,200,588,19,53804669,0,0,0,0,70158652,62320530,110865135,0,0,0,0,126719426,143519149,6593831,0,0,0,0,7344576,7030294,3775688,0,0,0,0,4399771,4102273
10,10,100,1,0,6,200,592,19,50579329,0,0,0,0,69633472,62447068,108865135,0,0,0,0,124919426,141719149,6635093,0,0,0,0,7387619,7128515,3708881,0,0,0,0,4417735,4148012
10,10,100,1,0,6,200,596,19,54536358,0,0,0,0,71224934,63917539,112265135,0,0,0,0,128119426,144919149,6701215,0,0,0,0,7404557,7035539,3852115,0,0,0,0,4505772,4261176
10,10,100,1,0,6,200,600,19,52881164,0,0,0,0,70963916,63905897,110265136,0,0,0,0,126319426,143119149,6911752,0,0,0,0,7529172,7316666,3949528,0,0,0,0,4606257,4302373
10,10,100,1,0,6,200,604,19,57850797,0,0,0,0,71455165,65288008,113665136,0,0,0,0,129519427,146319149,6843383,0,0,0,0,7593826,7191805,4067632,0,0,0,0,4657698,4394917
10,10,100,1,0,6,200,608,19,53473504,0,0,0,0,71360815,64504381,111665136,0,0,0,0,127719427,144519149,6988794,0,0,0,0,7699287,7381918,3986559,0,0,0,0,4642752,4341808
10,10,100,1,0,6,200,612,20,60607581,0,0,0,0,73533851,65713031,115065135,0,0,0,0,130919426,148519149,7017367,0,0,0,0,7887144,7581580,4324146,0,0,0,0,4862024,4452197
10,10,100,1,0,6,200,616,20,54399031,0,0,0,0,71827261,65537764,113065135,0,0,0,0,129119426,146719149,7088761,0,0,0,0,7759947,7344672,3992298,0,0,0,0,4721148,4470333
10,10,100,1,0,6,200,620,20,61038502,0,0,0,0,73287130,66947230,116465136,0,0,0,0,132319426,149919149,7104002,0,0,0,0,7999706,7581279,4374778,0,0,0,0,4874979,4600720
10,10,100,1,0,6,200,624,20,54724862,0,0,0,0,72529555,66446873,114465135,0,0,0,0,130519426,148119149,7093632,0,0,0,0,7736777,7376187,3886301,0,0,0,0,4561640,4426486
10,10,100,1,0,6,200,628,20,61968700,0,0,0,0,74688331,67557122,117865136,0,0,0,0,133719426,151319149,7182367,0,0,0,0,8061655,7674173,4437755,0,0,0,0,4947317,4663136
10,10,100,1,0,6,200,632,20,56420471,0,0,0,0,73739911,67542195,115865135,0,0,0,0,131919427,149519149,7339460,0,0,0,0,8118423,7689707,4287630,0,0,0,0,4918840,4690187
10,10,100,1,0,6,200,636,20,63690239,0,0,0,0,74847747,68638363,119265136,0,0,0,0,135119426,152719149,6993805,0,0,0,0,7893327,7466532,4278284,0,0,0,0,4701572,4518731
10,10,100,1,0,6,200,640,20,56405064,0,0,0,0,74474036,69074491,117265135,0,0,0,0,133319426,150919149,7480855,0,0,0,0,8213476,7801200,4314174,0,0,0,0,4993641,4738893
10,10,100,1,0,6,200,644,21,62447346,0,0,0,0,75534750,69704214,120665136,0,0,0,0,136519427,154919149,7104339,0,0,0,0,7962393,7644514,4222859,0,0,0,0,4766823,4553241
10,10,100,1,0,6,200,648,21,57598668,0,0,0,0,74989645,69922492,118665135,0,0,0,0,134719426,153119149,7557951,0,0,0,0,8309411,7898255,4368682,0,0,0,0,5007879,4765412
10,10,100,1,0,6,200,652,21,64960407,0,0,0,0,75891823,70728113,122065136,0,0,0,0,137919426,156319149,7136958,0,0,0,0,8041116,7594595,4367002,0,0,0,0,4802721,4630622
10,10,100,1,0,6,200,656,21,57479767,0,0,0,0,75185942,70613757,120065135,0,0,0,0,136119426,154519149,7663427,0,0,0,0,8389515,7936357,4349339,0,0,0,0,5086369,4905748
10,10,100,1,0,6,200,660,21,65520518,0,0,0,0,76328546,72053681,123465136,0,0,0,0,139319426,157719149,7223089,0,0,0,0,8125590,7755292,4409157,0,0,0,0,4834776,4709179
10,10,100,1,0,6,200,664,21,58522850,0,0,0,0,75327271,72191887,121465135,0,0,0,0,137519426,155919149,7777823,0,0,0,0,8474763,8009098,4463264,0,0,0,0,5100293,4983981
10,10,100,1,0,6,200,668,21,65303296,0,0,0,0,80009703,73252157,124865136,0,0,0,0,140719427,159119149,7349455,0,0,0,0,8211232,7800973,4380881,0,0,0,0,4921656,4747551
10,10,100,1,0,6,200,672,21,60243636,0,0,0,0,73518897,72526313,122865136,0,0,0,0,138919426,157319149,7833221,0,0,0,0,8560767,8193500,4533047,0,0,0,0,5147750,5008829
10,10,100,1,0,6,200,676,22,66862332,0,0,0,0,74895549,73447819,126265136,0,0,0,0,142119426,161319149,7429038,0,0,0,0,8328662,8062816,4495705,0,0,0,0,4924781,4741243
10,10,100,1,0,6,200,680,22,61807755,0,0,0,0,73489358,74945562,124265136,0,0,0,0,140319426,159519150,7875012,0,0,0,0,8334240,8081309,4517126,0,0,0,0,5086608,4945417
10,10,100,1,0,6,200,684,22,71703903,0,0,0,0,78886556,71363147,127665137,0,0,0,0,143519427,162719150,7825400,0,0,0,0,8544039,8058919,4662864,0,0,0,0,5304865,5223227
10,10,100,1,0,6,200,688,22,61298897,0,0,0,0,76105143,73489614,125665136,0,0,0,0,141719426,160919149,7782931,0,0,0,0,8414378,8008558,4385403,0,0,0,0,5024878,4976716
10,10,100,1,0,6,200,692,22,66897484,0,0,0,0,77751853,76997319,129065137,0,0,0,0,144919428,164119151,7894699,0,0,0,0,8507304,8278698,4589243,0,0,0,0,5208615,5112288
10,10,100,1,0,6,200,696,22,61894143,0,0,0,0,75885335,75652530,127065136,0,0,0,0,143119427,162319150,7776256,0,0,0,0,8464379,8070015,4466241,0,0,0,0,5063210,5043768
10,10,100,1,0,6,200,700,22,68588989,0,0,0,0,77666094,77579101,130465137,0,0,0,0,146319427,165519150,7910873,0,0,0,0,8715444,8497026,4735857,0,0,0,0,5194440,5016310
10,10,100,1,0,6,200,704,22,62718074,0,0,0,0,76882907,76376549,128465136,0,0,0,0,144519426,163719150,7938242,0,0,0,0,8665113,8389024,4483788,0,0,0,0,5002387,4927258
10,10,100,1,0,6,200,708,23,69897945,0,0,0,0,78380322,77996593,131865136,0,0,0,0,147719426,167719150,8152307,0,0,0,0,8913312,8487620,4888404,0,0,0,0,5453570,5356168
10,10,100,1,0,6,200,712,23,60761210,0,0,0,0,77454300,77840053,129865136,0,0,0,0,145919426,165919150,7996377,0,0,0,0,8692408,8258248,4364150,0,0,0,0,5131702,5130077
10,10,100,1,0,6,200,716,23,66945765,0,0,0,0,79906013,78939916,133265136,0,0,0,0,149119427,169119150,8320140,0,0,0,0,9036836,8557978,4785272,0,0,0,0,5516936,5429029
10,10,100,1,0,6,200,720,23,61396138,0,0,0,0,78162898,78670672,131265136,0,0,0,0,147319427,167319150,8079765,0,0,0,0,8800116,8334396,4487588,0,0,0,0,5142970,5170306
10,10,100,1,0,6,200,724,23,69474954,0,0,0,0,79669723,80553281,134665137,0,0,0,0,150519427,170519150,8217845,0,0,0,0,8913100,8509331,4747336,0,0,0,0,5422329,5375963
10,10,100,1,0,6,200,728,23,62318037,0,0,0,0,80771523,79550452,132665137,0,0,0,0,148719427,168719150,8096965,0,0,0,0,8830197,8487975,4535712,0,0,0,0,5288227,5221604
10,10,100,1,0,6,200,732,23,69307175,0,0,0,0,80406127,81115059,136065137,0,0,0,0,151919427,171919150,8200743,0,0,0,0,8939743,8588762,4679410,0,0,0,0,5266157,5255615
10,10,100,1,0,6,200,736,23,62645187,0,0,0,0,80481317,81130961,134065137,0,0,0,0,150119427,170119151,8290933,0,0,0,0,9027749,8673216,4653966,0,0,0,0,5426520,5437241
10,10,100,1,0,6,200,740,24,70188885,0,0,0,0,81044829,81603201,137465136,0,0,0,0,153319427,174119150,8556399,0,0,0,0,9379923,9023574,4949597,0,0,0,0,5632859,5509558
10,10,100,1,0,6,200,744,24,63738725,0,0,0,0,81513195,81583249,135465136,0,0,0,0,151519427,172319150,8297320,0,0,0,0,8965897,8726744,4627857,0,0,0,0,5339867,5283446
10,10,100,1,0,6,200,748,24,70736810,0,0,0,0,81877717,82679747,138865136,0,0,0,0,154719427,175519150,8610817,0,0,0,0,9391596,9021836,4997130,0,0,0,0,5682923,5652240
10,10,100,1,0,6,200,752,24,64337455,0,0,0,0,81215017,82844788,136865136,0,0,0,0,152919427,173719150,8402438,0,0,0,0,9162751,8901769,4672784,0,0,0,0,5363621,5368932
10,10,100,1,0,6,200,756,24,72560452,0,0,0,0,84163508,85430276,140265138,0,0,0,0,156119429,176919152,8596583,0,0,0,0,9316822,9074820,4967835,0,0,0,0,5574401,5472250
10,10,100,1,0,6,200,760,24,65491248,0,0,0,0,84481268,85171810,138265136,0,0,0,0,154319427,175119150,8521464,0,0,0,0,9271650,9097213,4742035,0,0,0,0,5424825,5300266
10,10,100,1,0,6,200,764,24,76851724,0,0,0,0,85888744,87769930,141665137,0,0,0,0,157519427,178319150,8679052,0,0,0,0,9389601,9038198,5107625,0,0,0,0,5685778,5660641
10,10,100,1,0,6,200,768,24,65473682,0,0,0,0,85231298,86842911,139665137,0,0,0,0,155719428,176519152,8672033,0,0,0,0,9568066,9042390,4954873,0,0,0,0,5694848,5323711
10,10,100,1,0,6,200,772,25,75165036,0,0,0,0,87175358,89396803,143065137,0,0,0,0,158919427,180519150,8720657,0,0,0,0,9392292,9168400,4976533,0,0,0,0,5574661,5475054
10,10,100,1,0,6,200,776,25,66469572,0,0,0,0,87377938,88265308,141065136,0,0,0,0,157119427,178719150,8945973,0,0,0,0,9740436,9256656,5155331,0,0,0,0,5860867,5829006
10,10,100,1,0,6,200,780,25,75781789,0,0,0,0,89230017,90705210,144465137,0,0,0,0,160319427,181919151,8691239,0,0,0,0,9495185,9176703,5059754,0,0,0,0,5631870,5553854
10,10,100,1,0,6,200,784,25,66574250,0,0,0,0,87218353,88480772,142465136,0,0,0,0,158519427,180119150,9077517,0,0,0,0,9869242,9522694,5144607,0,0,0,0,5881066,5837925
10,10,100,1,0,6,200,788,25,77321780,0,0,0,0,88742997,90397215,145865137,0,0,0,0,161719427,183319151,8844716,0,0,0,0,9564293,9186365,5071057,0,0,0,0,5625307,5624922
10,10,100,1,0,6,200,792,25,67872564,0,0,0,0,87845392,89805815,143865136,0,0,0,0,159919427,181519151,9123309,0,0,0,0,9933866,9601064,5268907,0,0,0,0,5963883,5900046
10,10,100,1,0,6,200,796,25,77191884,0,0,0,0,88996942,92050418,147265137,0,0,0,0,163119427,184719151,8919368,0,0,0,0,9663393,9525497,5140711,0,0,0,0,5679469,5566558
10,10,100,1,0,6,200,800,25,69088203,0,0,0,0,88520691,90573264,145265136,0,0,0,0,161319427,182919150,9198833,0,0,0,0,10071260,9554622,5341996,0,0,0,0,5993468,5985114
10,10,100,1,0,6,200,804,26,79159064,0,0,0,0,89831668,93689287,148665137,0,0,0,0,164519427,186919151,8891554,0,0,0,0,9743527,9420859,5212491,0,0,0,0,5712825,5696321
10,10,100,1,0,6,200,808,26,69048331,0,0,0,0,89087832,92225929,146665136,0,0,0,0,162719427,185119151,9279472,0,0,0,0,10139533,9768788,5355118,0,0,0,0,6023217,5951999
10,10,100,1,0,6,200,812,26,78464200,0,0,0,0,90704088,94741085,150065137,0,0,0,0,165919428,188319151,9005112,0,0,0,0,9857363,9678166,5207799,0,0,0,0,5758584,5617523
10,10,100,1,0,6,200,816,26,69908032,0,0,0,0,89952272,93207847,148065136,0,0,0,0,164119427,186519151,9382633,0,0,0,0,10142145,9889250,5431983,0,0,0,0,6106729,6023872
10,10,100,1,0,6,200,820,26,82461666,0,0,0,0,92726490,96230260,151465137,0,0,0,0,167319427,189719151,8917185,0,0,0,0,9916215,9411985,5335548,0,0,0,0,5862748,5863170
10,10,100,1,0,6,200,824,26,70989320,0,0,0,0,91019158,94434112,149465136,0,0,0,0,165519427,187919151,9468466,0,0,0,0,10292889,9963268,5475076,0,0,0,0,6179532,6107824
10,10,100,1,0,6,200,828,26,81979575,0,0,0,0,92288623,97677402,152865137,0,0,0,0,168719427,191119151,8958386,0,0,0,0,10017594,9757120,5380725,0,0,0,0,5913407,5757801
10,10,100,1,0,6,200,832,26,71519666,0,0,0,0,91985134,95728099,150865136,0,0,0,0,166919427,189319151,9260591,0,0,0,0,10066411,9770225,5233573,0,0,0,0,5858218,5800009
10,10,100,1,0,6,200,836,27,81935488,0,0,0,0,93016864,97774361,154265137,0,0,0,0,170119428,193319151,9217864,0,0,0,0,10229888,10038579,5596783,0,0,0,0,6141172,5903803
10,10,100,1,0,6,200,840,27,72314527,0,0,0,0,92529389,97193961,152265136,0,0,0,0,168319427,191519151,9635067,0,0,0,0,10489453,10063303,5587427,0,0,0,0,6269660,6137092
10,10,100,1,0,6,200,844,27,84028945,0,0,0,0,93772489,100148054,155665137,0,0,0,0,171519427,194719151,9173718,0,0,0,0,10183117,9650421,5512355,0,0,0,0,6000940,5988271
10,10,100,1,0,6,200,848,27,73497602,0,0,0,0,92930165,99051686,153665136,0,0,0,0,169719427,192919151,9503083,0,0,0,0,10343656,9968215,5554526,0,0,0,0,6162245,6127440
10,10,100,1,0,6,200,852,27,82917525,0,0,0,0,94789672,100288031,157065137,0,0,0,0,172919428,196119151,9328438,0,0,0,0,10408597,9922063,5715614,0,0,0,0,6301026,6119835
10,10,100,1,0,6,200,856,27,73640720,0,0,0,0,93852266,98531188,155065136,0,0,0,0,171119428,194319151,9807913,0,0,0,0,10621139,10318242,5700724,0,0,0,0,6375508,6221444
10,10,100,1,0,6,200,860,27,83115141,0,0,0,0,95298646,100574887,158465137,0,0,0,0,174319427,197519151,9295735,0,0,0,0,10328259,9770353,5600621,0,0,0,0,6093858,6024989
10,10,100,1,0,6,200,864,27,73779741,0,0,0,0,95520247,99344655,156465136,0,0,0,0,172519428,195719151,9935543,0,0,0,0,10739065,10397110,5743008,0,0,0,0,6443980,6271413
10,10,100,1,0,6,200,868,28,84385640,0,0,0,0,96407409,104010495,159865138,0,0,0,0,175719428,199719152,9459946,0,0,0,0,10482197,10060927,5642223,0,0,0,0,6155651,5999514
10,10,100,1,0,6,200,872,28,74582780,0,0,0,0,96394761,101089962,157865137,0,0,0,0,173919428,197919151,10012741,0,0,0,0,10891796,10531903,5806373,0,0,0,0,6549495,6253941
10,10,100,1,0,6,200,876,28,84446864,0,0,0,0,96722696,103931036,161265137,0,0,0,0,177119428,201119152,9563901,0,0,0,0,10635877,10136673,5860373,0,0,0,0,6434887,6320451
10,10,100,1,0,6,200,880,28,74610427,0,0,0,0,96118716,101427437,159265137,0,0,0,0,175319428,199319151,9865080,0,0,0,0,10675271,10442906,5717666,0,0,0,0,6405022,6263453
10,10,100,1,0,6,200,884,28,85533062,0,0,0,0,97549281,104307696,162665139,0,0,0,0,178519429,202519153,9707687,0,0,0,0,10741265,10250409,5920282,0,0,0,0,6426508,6312603
10,10,100,1,0,6,200,888,28,75354357,0,0,0,0,96891648,103150977,160665137,0,0,0,0,176719428,200719152,9970437,0,0,0,0,10808002,10214571,5749771,0,0,0,0,6477319,6348758
10,10,100,1,0,6,200,892,28,86445967,0,0,0,0,98599356,105574352,164065137,0,0,0,0,179919428,203919152,9925857,0,0,0,0,11132046,10424129,6096431,0,0,0,0,6687982,6525185
10,10,100,1,0,6,200,896,28,76595295,0,0,0,0,97834790,103239581,162065137,0,0,0,0,178119428,202119151,9996117,0,0,0,0,10750915,10217163,5637695,0,0,0,0,6244237,6040309
10,10,100,1,0,6,200,900,29,86486765,0,0,0,0,99317117,107432341,165465138,0,0,0,0,181319428,206119152,10017274,0,0,0,0,11215093,10711034,6139688,0,0,0,0,6758365,6484588
10,10,100,1,0,6,200,904,29,76732169,0,0,0,0,98477673,106508708,163465137,0,0,0,0,179519428,204319152,10140336,0,0,0,0,10856755,10213980,5646125,0,0,0,0,6292899,6258223
10,10,100,1,0,6,200,908,29,85918482,0,0,0,0,100670229,108141303,166865137,0,0,0,0,182719428,207519152,9915418,0,0,0,0,11064158,10359892,6019405,0,0,0,0,6671141,6490861
10,10,100,1,0,6,200,912,29,76794004,0,0,0,0,100891358,105108759,164865137,0,0,0,0,180919428,205719152,10511407,0,0,0,0,11391978,11023938,6003396,0,0,0,0,6786323,6397456
10,10,100,1,0,6,200,916,29,89085764,0,0,0,0,100831088,108625835,168265138,0,0,0,0,184119428,208919152,10097872,0,0,0,0,11401200,10994034,6316422,0,0,0,0,6871054,6531314
10,10,100,1,0,6,200,920,29,79112663,0,0,0,0,99525683,108345356,166265137,0,0,0,0,182319428,207119152,10269704,0,0,0,0,10987692,10629080,5740430,0,0,0,0,6425097,6259729
10,10,100,1,0,6,200,924,29,88258618,0,0,0,0,101360205,110066749,169665137,0,0,0,0,185519428,210319152,10291174,0,0,0,0,11493776,10744949,6305261,0,0,0,0,6919744,6678498
10,10,100,1,0,6,200,928,29,78838036,0,0,0,0,100384450,107629767,167665137,0,0,0,0,183719428,208519152,10692170,0,0,0,0,11560605,11094715,6118261,0,0,0,0,6821316,6528508
10,10,100,1,0,6,200,932,30,87354295,0,0,0,0,102177841,113469663,171065137,0,0,0,0,186919428,212519152,10143060,0,0,0,0,11160857,10355971,6018032,0,0,0,0,6539529,6467362
10,10,100,1,0,6,200,936,30,80333293,0,0,0,0,101260469,110491916,169065137,0,0,0,0,185119428,210719152,10495957,0,0,0,0,11353458,11044204,6111526,0,0,0,0,6734324,6473012
10,10,100,1,0,6,200,940,30,91272997,0,0,0,0,102519025,112683069,172465138,0,0,0,0,188319428,213919152,10146992,0,0,0,0,11288641,10576702,6108243,0,0,0,0,6540446,6376825
10,10,100,1,0,6,200,944,30,80354193,0,0,0,0,101913042,111208823,170465137,0,0,0,0,186519429,212119152,10612526,0,0,0,0,11457743,11094919,6105136,0,0,0,0,6802844,6507609
10,10,100,1,0,6,200,948,30,89039709,0,0,0,0,107740861,114089613,173865137,0,0,0,0,189719428,215319152,10155449,0,0,0,0,11359880,10665348,6123566,0,0,0,0,6719800,6485731
10,10,100,1,0,6,200,952,30,80040034,0,0,0,0,103612190,112476603,171865137,0,0,0,0,187919428,213519152,10688066,0,0,0,0,11486768,11036921,6093950,0,0,0,0,6881119,6670810
10,10,100,1,0,6,200,956,30,90367937,0,0,0,0,104252726,114785045,175265138,0,0,0,0,191119428,216719152,10290138,0,0,0,0,11520241,10683943,6165974,0,0,0,0,6628512,6526060
10,10,100,1,0,6,200,960,30,80738685,0,0,0,0,103524722,113681335,173265137,0,0,0,0,189319428,214919152,10800135,0,0,0,0,11588092,11041407,6160403,0,0,0,0,6869469,6714819
10,10,100,1,0,6,200,964,31,90439418,0,0,0,0,106956184,117006093,176665137,0,0,0,0,192519428,218919152,10774969,0,0,0,0,12036406,11063542,6496851,0,0,0,0,7172362,7001616
10,10,100,1,0,6,200,968,31,81843257,0,0,0,0,104280004,118236367,174665139,0,0,0,0,190719430,217119154,10903146,0,0,0,0,11736508,10928747,6218147,0,0,0,0,6923850,6858272
10,10,100,1,0,6,200,972,31,91475868,0,0,0,0,105934379,118502293,178065138,0,0,0,0,193919428,220319152,10782516,0,0,0,0,12078525,11043285,6566452,0,0,0,0,7161283,7015454
10,10,100,1,0,6,200,976,31,82202142,0,0,0,0,105827748,117502434,176065137,0,0,0,0,192119429,218519152,10965588,0,0,0,0,11754787,11189832,6258889,0,0,0,0,7025947,6872861
10,10,100,1,0,6,200,980,31,91080691,0,0,0,0,106725324,120326863,179465138,0,0,0,0,195319428,221719153,10813427,0,0,0,0,12171371,11181865,6627548,0,0,0,0,7169464,7037101
10,10,100,1,0,6,200,984,31,83013824,0,0,0,0,106037342,118644236,177465137,0,0,0,0,193519428,219919152,11345924,0,0,0,0,12189717,11229244,6476951,0,0,0,0,7166592,7049333
10,10,100,1,0,6,200,988,31,91108178,0,0,0,0,107169527,119217829,180865139,0,0,0,0,196719429,223119153,10633270,0,0,0,0,12045245,11480794,6599626,0,0,0,0,7061534,6812784
10,10,100,1,0,6,200,992,31,83872683,0,0,0,0,106585498,119822498,178865137,0,0,0,0,194919428,221319152,11379966,0,0,0,0,12290186,11370568,6522196,0,0,0,0,7183830,7041315
10,10,100,1,0,6,200,996,32,91135093,0,0,0,0,108104238,124124124,182265138,0,0,0,0,198119428,225319153,10741021,0,0,0,0,11964529,10871749,6431726,0,0,0,0,6846452,6791346
10,10,100,1,0,6,200,1000,32,84891322,0,0,0,0,107340001,121596456,180265137,0,0,0,0,196319428,223519153,11515531,0,0,0,0,12389540,11708919,6647399,0,0,0,0,7272617,7006302
10,10,100,1,0,6,200,1004,32,90697423,0,0,0,0,108740592,122380590,183665138,0,0,0,0,199519428,226719153,10977853,0,0,0,0,12215023,11648234,6667349,0,0,0,0,7183545,6935242
10,10,100,1,0,6,200,1008,32,84491653,0,0,0,0,108617888,124029231,181665137,0,0,0,0,197719429,224919153,11590486,0,0,0,0,12419095,11390749,6617914,0,0,0,0,7361765,7201917
10,10,100,1,0,6,200,1012,32,92025368,0,0,0,0,109361264,127779224,185065138,0,0,0,0,200919428,228119153,11063502,0,0,0,0,12305854,11571011,6747622,0,0,0,0,7187259,7012543
10,10,100,1,0,6,200,1016,32,85934051,0,0,0,0,110291850,127643777,183065137,0,0,0,0,199119428,226319153,11681054,0,0,0,0,12583840,11385377,6675477,0,0,0,0,7401989,7221859
10,10,100,1,0,6,200,1020,32,87121511,0,0,0,0,109227855,129524089,186465139,0,0,0,0,202319431,229519156,11652925,0,0,0,0,12435505,11423603,6580162,0,0,0,0,7197909,7087466
10,10,100,1,0,6,200,1024,32,85830669,0,0,0,0,114711059,128778284,184465137,0,0,0,0,200519429,227719153,11844897,0,0,0,0,12967734,11588348,6575865,0,0,0,0,7239963,6478784
10,10,100,1,0,8,200,4,1,1557816,0,0,0,0,6385426,6283359,5864292,0,0,0,0,21128176,23527865,22100,0,0,0,0,36652,34796,5499,0,0,0,0,10186,10031
10,10,100,1,0,8,200,8,1,1773365,0,0,0,0,6367601,6433101,6664292,0,0,0,0,22728114,25127882,95963,0,0,0,0,102923,105415,10611,0,0,0,0,15312,15590
10,10,100,1,0,8,200,12,1,2446898,0,0,0,0,7184284,7357564,10064292,0,0,0,0,25928159,28327882,173774,0,0,0,0,168238,170366,15105,0,0,0,0,19870,20529
10,10,100,1,0,8,200,16,1,2115040,0,0,0,0,6757728,6971417,8064292,0,0,0,0,24128114,26527882,238434,0,0,0,0,247382,246660,21299,0,0,0,0,27946,28799
10,10,100,1,0,8,200,20,1,2800316,0,0,0,0,7609764,7728621,11464292,0,0,0,0,27328176,29727866,298896,0,0,0,0,300282,302575,26103,0,0,0,0,33484,33472
10,10,100,1,0,8,200,24,1,2492834,0,0,0,0,7194469,7325727,9464292,0,0,0,0,25528130,27927866,344051,0,0,0,0,362830,362990,33125,0,0,0,0,41426,41243
10,10,100,1,0,8,200,28,1,3165357,0,0,0,0,8664754,8585743,12864292,0,0,0,0,28728176,31127866,384951,0,0,0,0,397074,399740,39553,0,0,0,0,50336,51736
10,10,100,1,0,8,200,32,1,2873838,0,0,0,0,8655044,7751112,10864292,0,0,0,0,26928114,29327882,443590,0,0,0,0,473175,475487,43705,0,0,0,0,57739,56785
10,10,100,1,0,8,200,36,2,3605036,0,0,0,0,8854110,9108965,14264292,0,0,0,0,30128130,33327866,505908,0,0,0,0,532616,538474,58642,0,0,0,0,66925,67795
10,10,100,1,0,8,200,40,2,3325775,0,0,0,0,8382786,8481001,12264292,0,0,0,0,28328176,31527866,542677,0,0,0,0,595219,598108,62168,0,0,0,0,69600,67304
10,10,100,1,0,8,200,44,2,4002710,0,0,0,0,9429496,9688877,15664292,0,0,0,0,31528114,34727882,602315,0,0,0,0,641053,649140,73734,0,0,0,0,83338,85863
10,10,100,1,0,8,200,48,2,3821789,0,0,0,0,9035687,9098844,13664292,0,0,0,0,29728160,32927882,641950,0,0,0,0,700962,700237,78027,0,0,0,0,91674,91225
10,10,100,1,0,8,200,52,2,4416820,0,0,0,0,10071707,10208683,17064292,0,0,0,0,32928114,36127882,666463,0,0,0,0,704626,711737,90396,0,0,0,0,99908,100442
10,10,100,1,0,8,200,56,2,4339771,0,0,0,0,9663553,10524496,15064292,0,0,0,0,31128176,34327866,740207,0,0,0,0,807224,807596,94908,0,0,0,0,107730,107281
10,10,100,1,0,8,200,60,2,4826358,0,0,0,0,10912008,11740407,18464292,0,0,0,0,34328115,37527882,755110,0,0,0,0,806861,813674,104822,0,0,0,0,114804,117454
10,10,100,1,0,8,200,64,2,4764348,0,0,0,0,11165393,11175722,16464292,0,0,0,0,32528176,35727866,836264,0,0,0,0,918203,916136,107675,0,0,0,0,128284,126352
10,10,100,1,0,8,200,68,3,5292543,0,0,0,0,12309945,12350898,19864292,0,0,0,0,35728131,39727866,850039,0,0,0,0,916117,931830,118513,0,0,0,0,134868,143542
10,10,100,1,0,8,200,72,3,5216228,0,0,0,0,11830387,11880168,17864292,0,0,0,0,33928176,37927866,934752,0,0,0,0,1020344,1027558,109535,0,0,0,0,140021,140376
10,10,100,1,0,8,200,76,3,5762442,0,0,0,0,13109861,12951572,21264292,0,0,0,0,37128114,41127882,936137,0,0,0,0,1019342,1037344,131786,0,0,0,0,160407,152359
10,10,100,1,0,8,200,80,3,5672032,0,0,0,0,12415111,12619803,19264292,0,0,0,0,35328114,39327882,1036105,0,0,0,0,1129120,1140218,140829,0,0,0,0,161988,178984
10,10,100,1,0,8,200,84,3,6334125,0,0,0,0,13949630,13788915,22664292,0,0,0,0,38528176,42527866,1068499,0,0,0,0,1129635,1147232,150826,0,0,0,0,162041,163770
10,10,100,1,0,8,200,88,3,6199004,0,0,0,0,13156811,13278640,20664292,0,0,0,0,36728131,40727866,1091571,0,0,0,0,1171782,1180161,152972,0,0,0,0,181799,180493
10,10,100,1,0,8,200,92,3,6789022,0,0,0,0,14332956,14268806,24064292,0,0,0,0,39928160,43927882,1157374,0,0,0,0,1267428,1274514,155838,0,0,0,0,199833,183697
10,10,100,1,0,8,200,96,3,6648377,0,0,0,0,13713463,14090954,22064292,0,0,0,0,38128115,42127882,1185419,0,0,0,0,1267405,1279704,169236,0,0,0,0,203499,205894
10,10,100,1,0,8,200,100,4,7339746,0,0,0,0,14750360,14907840,25464292,0,0,0,0,41328176,46127866,1243051,0,0,0,0,1382224,1391575,177751,0,0,0,0,211519,226971
10,10,100,1,0,8,200,104,4,7108410,0,0,0,0,14375141,14529302,23464292,0,0,0,0,39528131,44327866,1277007,0,0,0,0,1371133,1389826,188287,0,0,0,0,226801,224596
10,10,100,1,0,8,200,108,4,7763699,0,0,0,0,15420302,15806223,26864292,0,0,0,0,42728176,47527866,1325598,0,0,0,0,1491891,1496508,187931,0,0,0,0,239697,235706
10,10,100,1,0,8,200,112,4,8139074,0,0,0,0,15548972,15820824,24864292,0,0,0,0,40928115,45727883,1377607,0,0,0,0,1487617,1510634,208425,0,0,0,0,251397,226873
10,10,100,1,0,8,200,116,4,8281279,0,0,0,0,16032271,16220170,28264292,0,0,0,0,44128176,48927866,1423222,0,0,0,0,1598940,1616326,209205,0,0,0,0,263401,260664
10,10,100,1,0,8,200,120,4,8424410,0,0,0,0,15953587,15862786,26264292,0,0,0,0,42328115,47127866,1506609,0,0,0,0,1643801,1671552,232727,0,0,0,0,290188,294189
10,10,100,1,0,8,200,124,4,9217276,0,0,0,0,17126303,17121023,29664292,0,0,0,0,45528115,50327883,1481152,0,0,0,0,1629876,1649749,243045,0,0,0,0,309860,308447
10,10,100,1,0,8,200,128,4,8753157,0,0,0,0,18033650,16487005,27664292,0,0,0,0,43728177,48527866,1620122,0,0,0,0,1772288,1799047,244878,0,0,0,0,377034,333670
10,10,100,1,0,8,200,132,5,9398158,0,0,0,0,19470093,17825110,31064292,0,0,0,0,46928131,52527866,1568507,0,0,0,0,1774652,1794224,265011,0,0,0,0,321735,275119
10,10,100,1,0,8,200,136,5,9416473,0,0,0,0,17450907,17235678,29064292,0,0,0,0,45128176,50727866,1712283,0,0,0,0,1872013,1875883,282156,0,0,0,0,363961,356299
10,10,100,1,0,8,200,140,5,11091978,0,0,0,0,18909301,19031784,32464292,0,0,0,0,48328115,53927883,1673134,0,0,0,0,1833708,1819388,304729,0,0,0,0,408646,381044
10,10,100,1,0,8,200,144,5,9980299,0,0,0,0,17944978,17925958,30464292,0,0,0,0,46528160,52127883,1791106,0,0,0,0,1957165,1966055,293832,0,0,0,0,424856,378389
10,10,100,1,0,8,200,148,5,10717675,0,0,0,0,19035555,19115186,33864292,0,0,0,0,49728131,55327866,1734498,0,0,0,0,1931985,1926846,316993,0,0,0,0,429775,409245
10,10,100,1,0,8,200,152,5,10649087,0,0,0,0,20163627,18599454,31864292,0,0,0,0,47928176,53527866,1849963,0,0,0,0,2005059,2013427,336456,0,0,0,0,486683,409717
10,10,100,1,0,8,200,156,5,11336918,0,0,0,0,21420678,19978331,35264292,0,0,0,0,51128115,56727882,1870592,0,0,0,0,2089098,2086898,346290,0,0,0,0,462641,428054
10,10,100,1,0,8,200,160,5,12489218,0,0,0,0,19512488,19264422,33264292,0,0,0,0,49328115,54927882,2023911,0,0,0,0,2194523,2202056,397296,0,0,0,0,552349,531691
10,10,100,1,0,8,200,164,6,12678746,0,0,0,0,20924514,21889454,36664293,0,0,0,0,52528115,58927867,1943339,0,0,0,0,2087750,2087825,417868,0,0,0,0,518414,560900
10,10,100,1,0,8,200,168,6,12283579,0,0,0,0,20164523,20332318,34664292,0,0,0,0,50728131,57127867,2092989,0,0,0,0,2309985,2280683,412646,0,0,0,0,549127,563830
10,10,100,1,0,8,200,172,6,13521737,0,0,0,0,22465900,21667946,38064292,0,0,0,0,53928177,60327867,2022658,0,0,0,0,2258847,2207356,451719,0,0,0,0,627412,584948
10,10,100,1,0,8,200,176,6,12816153,0,0,0,0,21224606,20999024,36064292,0,0,0,0,52128115,58527883,2175525,0,0,0,0,2410584,2383186,456546,0,0,0,0,676740,607628
10,10,100,1,0,8,200,180,6,13462828,0,0,0,0,22227265,22211720,39464292,0,0,0,0,55328177,61727867,2084618,0,0,0,0,2359592,2315192,473861,0,0,0,0,669525,639500
10,10,100,1,0,8,200,184,6,13799832,0,0,0,0,21745889,21741663,37464292,0,0,0,0,53528115,59927883,2263728,0,0,0,0,2529831,2528863,533605,0,0,0,0,690133,637214
10,10,100,1,0,8,200,188,6,14582037,0,0,0,0,22972285,22854066,40864293,0,0,0,0,56728160,63127883,2183635,0,0,0,0,2467540,2428119,571577,0,0,0,0,718264,723786
10,10,100,1,0,8,200,192,6,14378967,0,0,0,0,22759243,22410467,38864293,0,0,0,0,54928115,61327883,2359052,0,0,0,0,2629183,2610324,557231,0,0,0,0,730440,734958
10,10,100,1,0,8,200,196,7,15546796,0,0,0,0,23757691,23532775,42264293,0,0,0,0,58128177,65327867,2283928,0,0,0,0,2565680,2478819,640199,0,0,0,0,781263,773591
10,10,100,1,0,8,200,200,7,15309437,0,0,0,0,23693494,23578261,40264293,0,0,0,0,56328131,63527867,2443285,0,0,0,0,2720483,2671563,621811,0,0,0,0,847674,925883
10,10,100,1,0,8,200,204,7,15879010,0,0,0,0,25346992,24415053,43664293,0,0,0,0,59528115,66727883,2377549,0,0,0,0,2720988,2736438,629548,0,0,0,0,864971,760572
10,10,100,1,0,8,200,208,7,16202781,0,0,0,0,24261384,23828197,41664293,0,0,0,0,57728115,64927867,2492814,0,0,0,0,2785015,2740180,660040,0,0,0,0,848058,861670
10,10,100,1,0,8,200,212,7,16726019,0,0,0,0,25592488,25195532,45064293,0,0,0,0,60928131,68127867,2490767,0,0,0,0,2836151,2773931,672089,0,0,0,0,899670,950842
10,10,100,1,0,8,200,216,7,16696766,0,0,0,0,25863885,24717411,43064293,0,0,0,0,59128178,66327867,2557360,0,0,0,0,2821624,2763234,705171,0,0,0,0,979478,931581
10,10,100,1,0,8,200,220,7,17849125,0,0,0,0,26409730,25892581,46464293,0,0,0,0,62328115,69527883,2559465,0,0,0,0,2924293,2864827,788893,0,0,0,0,976988,994751
10,10,100,1,0,8,200,224,7,17876716,0,0,0,0,26758330,26322186,44464293,0,0,0,0,60528161,67727883,2656242,0,0,0,0,2958220,2940496,814826,0,0,0,0,979457,969290
10,10,100,1,0,8,200,228,8,18333638,0,0,0,0,27337562,26417986,47864293,0,0,0,0,63728115,71727883,2686001,0,0,0,0,3095645,3004243,872644,0,0,0,0,1129131,1191862
10,10,100,1,0,8,200,232,8,18870767,0,0,0,0,27753291,26622394,45864293,0,0,0,0,61928178,69927868,2745045,0,0,0,0,3013700,2931845,899985,0,0,0,0,1122174,1105078
10,10,100,1,0,8,200,236,8,19354235,0,0,0,0,28907647,28828605,49264293,0,0,0,0,65128115,73127883,2728713,0,0,0,0,3017283,3024242,875869,0,0,0,0,1090880,1146014
10,10,100,1,0,8,200,240,8,19386981,0,0,0,0,28430407,27250329,47264293,0,0,0,0,63328177,71327868,2843954,0,0,0,0,3136708,3064525,904244,0,0,0,0,1226774,1209911
10,10,100,1,0,8,200,244,8,20047374,0,0,0,0,29267032,27911751,50664293,0,0,0,0,66528132,74527867,2883205,0,0,0,0,3309051,3213276,966944,0,0,0,0,1177131,1219706
10,10,100,1,0,8,200,248,8,20349796,0,0,0,0,28784482,27567505,48664293,0,0,0,0,64728132,72727867,2918592,0,0,0,0,3214424,3142361,1000254,0,0,0,0,1265283,1273262
10,10,100,1,0,8,200,252,8,21334746,0,0,0,0,30079302,28930245,52064293,0,0,0,0,67928116,75927867,2895779,0,0,0,0,3289179,3181120,1056268,0,0,0,0,1329438,1287645
10,10,100,1,0,8,200,256,8,21077870,0,0,0,0,29510533,28307304,50064293,0,0,0,0,66128116,74127883,3047164,0,0,0,0,3406864,3347576,1025400,0,0,0,0,1328677,1211078
10,10,100,1,0,8,200,260,9,22024353,0,0,0,0,31300350,29267206,53464293,0,0,0,0,69328177,78127867,2991544,0,0,0,0,3410556,3267267,1123644,0,0,0,0,1375138,1358740
10,10,100,1,0,8,200,264,9,21684450,0,0,0,0,30998733,29015044,51464293,0,0,0,0,67528116,76327883,3130676,0,0,0,0,3504650,3359258,1071427,0,0,0,0,1319365,1321847
10,10,100,1,0,8,200,268,9,22410806,0,0,0,0,32027523,30635422,54864293,0,0,0,0,70728161,79527883,3075987,0,0,0,0,3515712,3374877,1097257,0,0,0,0,1607196,1481167
10,10,100,1,0,8,200,272,9,24998541,0,0,0,0,34674076,30007409,52864293,0,0,0,0,68928117,77727884,3296106,0,0,0,0,3549136,3446254,1444311,0,0,0,0,1760565,1512467
10,10,100,1,0,8,200,276,9,24698556,0,0,0,0,35046097,31545827,56264294,0,0,0,0,72128179,80927868,3234935,0,0,0,0,3684081,3593028,1231069,0,0,0,0,1473170,1414751
10,10,100,1,0,8,200,280,9,23433081,0,0,0,0,33041719,30409593,54264293,0,0,0,0,70328132,79127867,3368358,0,0,0,0,3784725,3677933,1360051,0,0,0,0,1590202,1595814
10,10,100,1,0,8,200,284,9,26387491,0,0,0,0,33662847,31401983,57664293,0,0,0,0,73528177,82327867,3425566,0,0,0,0,3838168,3704104,1451857,0,0,0,0,1597266,1549712
10,10,100,1,0,8,200,288,9,24067299,0,0,0,0,37083391,31003638,55664293,0,0,0,0,71728116,80527883,3351448,0,0,0,0,3733823,3624205,1474583,0,0,0,0,2084077,1596968
10,10,100,1,0,8,200,292,10,24691921,0,0,0,0,37115405,31923595,59064293,0,0,0,0,74928132,84527867,3351165,0,0,0,0,3818553,3727719,1297654,0,0,0,0,1890244,1724085
10,10,100,1,0,8,200,296,10,26440106,0,0,0,0,37577032,32018451,57064293,0,0,0,0,73128178,82727867,3500005,0,0,0,0,4092788,4081146,1788900,0,0,0,0,1677720,1547840
10,10,100,1,0,8,200,300,10,25558134,0,0,0,0,36206485,32523328,60464293,0,0,0,0,76328116,85927884,3449702,0,0,0,0,3900652,3802360,1443085,0,0,0,0,2204372,1886357
10,10,100,1,0,8,200,304,10,26031142,0,0,0,0,38719949,32296042,58464293,0,0,0,0,74528162,84127883,3594856,0,0,0,0,4065789,3955309,1818554,0,0,0,0,1984918,1848790
10,10,100,1,0,8,200,308,10,26367590,0,0,0,0,39369036,33360119,61864293,0,0,0,0,77728116,87327883,3508938,0,0,0,0,4036467,3947472,1522551,0,0,0,0,2143488,1714512
10,10,100,1,0,8,200,312,10,27360909,0,0,0,0,36460323,33698171,59864294,0,0,0,0,75928178,85527868,3695441,0,0,0,0,4075730,4007867,1784133,0,0,0,0,2086181,1999332
10,10,100,1,0,8,200,316,10,29394133,0,0,0,0,37860060,34683097,63264294,0,0,0,0,79128116,88727884,3689927,0,0,0,0,4157724,3988051,1797825,0,0,0,0,2027743,1786377
10,10,100,1,0,8,200,320,10,27456491,0,0,0,0,37645799,33746664,61264293,0,0,0,0,77328178,86927867,3666416,0,0,0,0,4160207,4035257,1931940,0,0,0,0,2454341,2187902
10,10,100,1,0,8,200,324,11,30857196,0,0,0,0,38756448,34383039,64664294,0,0,0,0,80528132,90927868,3866279,0,0,0,0,4323854,4202770,1886231,0,0,0,0,2298436,2145374
10,10,100,1,0,8,200,328,11,29221049,0,0,0,0,38709345,34738585,62665134,0,0,0,0,78728956,89128724,3777227,0,0,0,0,4363666,4412017,1958807,0,0,0,0,1925667,1754042
10,10,100,1,0,8,200,332,11,30873074,0,0,0,0,40453691,35994032,66065134,0,0,0,0,81928956,92328724,3980065,0,0,0,0,4533713,4531247,2065196,0,0,0,0,2266947,1886991
10,10,100,1,0,8,200,336,11,28560554,0,0,0,0,40210863,35583619,64065133,0,0,0,0,80128956,90528724,3869424,0,0,0,0,4439894,4484085,1874192,0,0,0,0,2083773,1800861
10,10,100,1,0,8,200,340,11,32111767,0,0,0,0,41435478,36552220,67465134,0,0,0,0,83328956,93728724,4040767,0,0,0,0,4630354,4630104,2199777,0,0,0,0,2347691,1963323
10,10,100,1,0,8,200,344,11,31965914,0,0,0,0,41135881,36084344,65465134,0,0,0,0,81528956,91928724,4039556,0,0,0,0,4536606,4612337,2185512,0,0,0,0,2237159,1925035
10,10,100,1,0,8,200,348,11,32649599,0,0,0,0,42068323,37439898,68865134,0,0,0,0,84728956,95128724,4120963,0,0,0,0,4737636,4739487,2200402,0,0,0,0,2414639,2028410
10,10,100,1,0,8,200,352,11,30730631,0,0,0,0,41794995,37226964,66865134,0,0,0,0,82928956,93328724,4027644,0,0,0,0,4651416,4675170,2148111,0,0,0,0,2280395,2024802
10,10,100,1,0,8,200,356,12,31528687,0,0,0,0,43243523,38381728,70265134,0,0,0,0,86128957,97328724,4086483,0,0,0,0,4853637,4833707,2209314,0,0,0,0,2484678,2099137
10,10,100,1,0,8,200,360,12,30974420,0,0,0,0,43083877,38061793,68265134,0,0,0,0,84328956,95528724,4203429,0,0,0,0,4891087,4895584,2260381,0,0,0,0,2565728,2161414
10,10,100,1,0,8,200,364,12,32165739,0,0,0,0,43910160,45003754,71665134,0,0,0,0,87528956,98728724,4070302,0,0,0,0,4795529,4857799,2173855,0,0,0,0,2464961,2177539
10,10,100,1,0,8,200,368,12,31757397,0,0,0,0,43747323,39061876,69665134,0,0,0,0,85728957,96928724,4302429,0,0,0,0,4955033,4985745,2365921,0,0,0,0,2604591,2303527
10,10,100,1,0,8,200,372,12,32674916,0,0,0,0,45297746,40344434,73065134,0,0,0,0,88928957,100128724,4301367,0,0,0,0,5001427,5051674,2376845,0,0,0,0,2754573,2296092
10,10,100,1,0,8,200,376,12,32757385,0,0,0,0,45687049,39474601,71065134,0,0,0,0,87128957,98328724,4298800,0,0,0,0,4924146,5043713,2320980,0,0,0,0,2621350,2276555
10,10,100,1,0,8,200,380,12,35314758,0,0,0,0,46055613,40569136,74465134,0,0,0,0,90328957,101528724,4234425,0,0,0,0,4965709,5026664,2478111,0,0,0,0,2731165,2320696
10,10,100,1,0,8,200,384,12,33474595,0,0,0,0,45696328,42135928,72465134,0,0,0,0,88528957,99728724,4367312,0,0,0,0,5064197,5032446,2368978,0,0,0,0,2694598,2392716
10,10,100,1,0,8,200,388,13,34517562,0,0,0,0,46757532,42239033,75865134,0,0,0,0,91728957,103728724,4294580,0,0,0,0,5037263,5110267,2499238,0,0,0,0,2784360,2450486
10,10,100,1,0,8,200,392,13,33406403,0,0,0,0,46926831,45453037,73865134,0,0,0,0,89928957,101928724,4477052,0,0,0,0,5127326,5216940,2371071,0,0,0,0,2807078,2473749
10,10,100,1,0,8,200,396,13,36052746,0,0,0,0,48056224,42276557,77265134,0,0,0,0,93128957,105128724,4389339,0,0,0,0,5174889,5224599,2588759,0,0,0,0,2904249,2492678
10,10,100,1,0,8,200,400,13,34592449,0,0,0,0,47893920,42135622,75265134,0,0,0,0,91328957,103328724,4530627,0,0,0,0,5203117,5271187,2480946,0,0,0,0,2849802,2543046
10,10,100,1,0,8,200,404,13,36249174,0,0,0,0,50130285,43099577,78665134,0,0,0,0,94528957,106528724,4633062,0,0,0,0,5446637,5517600,2741194,0,0,0,0,3132087,2646090
10,10,100,1,0,8,200,408,13,36743527,0,0,0,0,48981479,43029430,76665134,0,0,0,0,92728957,104728724,4785598,0,0,0,0,5406012,5492510,2705526,0,0,0,0,3112144,2664270
10,10,100,1,0,8,200,412,13,36751458,0,0,0,0,49409288,49019858,80065134,0,0,0,0,95928957,107928725,4629739,0,0,0,0,5417511,5528033,2599466,0,0,0,0,2963901,2630862
10,10,100,1,0,8,200,416,13,36218708,0,0,0,0,49939658,43808545,78065134,0,0,0,0,94128957,106128724,4741972,0,0,0,0,5471731,5538978,2672938,0,0,0,0,3094624,2752429
10,10,100,1,0,8,200,420,14,37661232,0,0,0,0,50317108,44817615,81465134,0,0,0,0,97328957,110128724,4656299,0,0,0,0,5419318,5562035,2764756,0,0,0,0,3077614,2731997
10,10,100,1,0,8,200,424,14,36722519,0,0,0,0,50499723,44876210,79465134,0,0,0,0,95528957,108328725,4873448,0,0,0,0,5554845,5660157,2715932,0,0,0,0,3177380,2810263
10,10,100,1,0,8,200,428,14,38660845,0,0,0,0,51262152,45126653,82865134,0,0,0,0,98728957,111528724,4773605,0,0,0,0,5572875,5675607,2769087,0,0,0,0,3130493,2714392
10,10,100,1,0,8,200,432,14,37491048,0,0,0,0,51739697,46110183,80865135,0,0,0,0,96928957,109728725,4918464,0,0,0,0,5632935,5747326,2779002,0,0,0,0,3238965,2831152
10,10,100,1,0,8,200,436,14,39532819,0,0,0,0,51948169,45956968,84265135,0,0,0,0,100128957,112928725,4861411,0,0,0,0,5668213,5799891,2827154,0,0,0,0,3173497,2803081
10,10,100,1,0,8,200,440,14,37744927,0,0,0,0,51893348,46635672,82265134,0,0,0,0,98328958,111128725,5009494,0,0,0,0,5715524,5867868,2801988,0,0,0,0,3289336,2891345
10,10,100,1,0,8,200,444,14,41101488,0,0,0,0,52942844,47031014,85665134,0,0,0,0,101528957,114328724,4957472,0,0,0,0,5763870,5929534,2894851,0,0,0,0,3224921,2828182
10,10,100,1,0,8,200,448,14,38933835,0,0,0,0,54190095,49222314,83665135,0,0,0,0,99728959,112528726,5129296,0,0,0,0,5863317,5998594,2890503,0,0,0,0,3346048,2982371
10,10,100,1,0,8,200,452,15,41139926,0,0,0,0,54946511,51624201,87065135,0,0,0,0,102928958,116528726,5145800,0,0,0,0,5876014,5968811,2993196,0,0,0,0,3435689,3088689
10,10,100,1,0,8,200,456,15,39638038,0,0,0,0,53548440,47226868,85065134,0,0,0,0,101128958,114728725,5144292,0,0,0,0,5876702,6120432,2829555,0,0,0,0,3311818,2945925
10,10,100,1,0,8,200,460,15,41183736,0,0,0,0,55203515,49084452,88465135,0,0,0,0,104328958,117928725,5212573,0,0,0,0,5977620,6130403,3002733,0,0,0,0,3482204,3011955
10,10,100,1,0,8,200,464,15,40463343,0,0,0,0,54168098,49878849,86465134,0,0,0,0,102528957,116128725,5208535,0,0,0,0,5960306,6127189,2892466,0,0,0,0,3389505,3109267
10,10,100,1,0,8,200,468,15,41945108,0,0,0,0,55426069,49964398,89865134,0,0,0,0,105728958,119328725,5318546,0,0,0,0,6071907,6182813,3056991,0,0,0,0,3546131,3142449
10,10,100,1,0,8,200,472,15,40981942,0,0,0,0,55055657,49698954,87865134,0,0,0,0,103928957,117528724,5270908,0,0,0,0,6006068,6232633,2949335,0,0,0,0,3453663,3122934
10,10,100,1,0,8,200,476,15,42867396,0,0,0,0,55968040,50361105,91265134,0,0,0,0,107128957,120728724,5301982,0,0,0,0,6078618,6252137,3067149,0,0,0,0,3502126,3126079
10,10,100,1,0,8,200,480,15,41225266,0,0,0,0,55721929,50565461,89265134,0,0,0,0,105328957,118928725,5434840,0,0,0,0,6174291,6362195,3040868,0,0,0,0,3569490,3217240
10,10,100,1,0,8,200,484,16,43881570,0,0,0,0,56970177,52146875,92665134,0,0,0,0,108528957,122928725,5396208,0,0,0,0,6181026,6339271,3098967,0,0,0,0,3555965,3242428
10,10,100,1,0,8,200,488,16,41895306,0,0,0,0,56853690,51418094,90665134,0,0,0,0,106728957,121128725,5420423,0,0,0,0,6153777,6399903,3046815,0,0,0,0,3616512,3257272
10,10,100,1,0,8,200,492,16,45033099,0,0,0,0,58693543,54851775,94065135,0,0,0,0,109928959,124328726,5609943,0,0,0,0,6300219,6465073,3257598,0,0,0,0,3713146,3361853
10,10,100,1,0,8,200,496,16,42569970,0,0,0,0,57596272,52418833,92065134,0,0,0,0,108128957,122528725,5543138,0,0,0,0,6288443,6494731,3104132,0,0,0,0,3661064,3295810
10,10,100,1,0,8,200,500,16,44852654,0,0,0,0,58185814,53985718,95465135,0,0,0,0,111328958,125728724,5643378,0,0,0,0,6447777,6595131,3259869,0,0,0,0,3789706,3385321
10,10,100,1,0,8,200,504,16,44726938,0,0,0,0,58043864,53235188,93465135,0,0,0,0,109528957,123928725,5645903,0,0,0,0,6339814,6552482,3201620,0,0,0,0,3701121,3383736
10,10,100,1,0,8,200,508,16,45425386,0,0,0,0,59861078,59048473,96865135,0,0,0,0,112728958,127128726,5779089,0,0,0,0,6482167,6606542,3324396,0,0,0,0,3855504,3434586
10,10,100,1,0,8,200,512,16,44575462,0,0,0,0,60617627,61300129,94865134,0,0,0,0,110928958,125328725,5912367,0,0,0,0,6671845,6524850,3288166,0,0,0,0,3699262,3426892
10,10,100,1,0,8,200,516,17,48202076,0,0,0,0,60060909,59141306,98265135,0,0,0,0,114128958,129328725,5809190,0,0,0,0,6628874,6703686,3333555,0,0,0,0,3799290,3515677
10,10,100,1,0,8,200,520,17,44615703,0,0,0,0,59395413,58932870,96265134,0,0,0,0,112328957,127528725,5793854,0,0,0,0,6568871,6774309,3256654,0,0,0,0,3798742,3492496
10,10,100,1,0,8,200,524,17,48204333,0,0,0,0,61046839,60237970,99665135,0,0,0,0,115528958,130728725,5934431,0,0,0,0,6747530,6808757,3454783,0,0,0,0,4000947,3648140
10,10,100,1,0,8,200,528,17,46474420,0,0,0,0,60356733,58805392,97665135,0,0,0,0,113728958,128928725,5946701,0,0,0,0,6642321,6807062,3334345,0,0,0,0,3886410,3591762
10,10,100,1,0,8,200,532,17,48340255,0,0,0,0,61457787,60285138,101065135,0,0,0,0,116928958,132128725,5936689,0,0,0,0,6748600,6827696,3366410,0,0,0,0,3891186,3581041
10,10,100,1,0,8,200,536,17,46129653,0,0,0,0,61029613,60573870,99065135,0,0,0,0,115128958,130328725,6012089,0,0,0,0,6820580,6944171,3329796,0,0,0,0,3902896,3615489
10,10,100,1,0,8,200,540,17,49051720,0,0,0,0,62217829,61832895,102465135,0,0,0,0,118328958,133528726,6209502,0,0,0,0,7061154,7134039,3622178,0,0,0,0,4167787,3853769
10,10,100,1,0,8,200,544,17,46622409,0,0,0,0,62659326,60145756,100465135,0,0,0,0,116528958,131728725,6170533,0,0,0,0,6945137,7044141,3484515,0,0,0,0,4118605,3754096
10,10,100,1,0,8,200,548,18,50100119,0,0,0,0,63297299,58409548,103865135,0,0,0,0,119728958,135728725,6121337,0,0,0,0,6946383,7186429,3488725,0,0,0,0,4028179,3659077
10,10,100,1,0,8,200,552,18,47545265,0,0,0,0,64109419,59672259,101865136,0,0,0,0,117928959,133928727,6276164,0,0,0,0,7015894,7139115,3535501,0,0,0,0,4130804,3762386
10,10,100,1,0,8,200,556,18,50348299,0,0,0,0,63826610,59728073,105265135,0,0,0,0,121128958,137128725,6240221,0,0,0,0,7022665,7251333,3585125,0,0,0,0,4109864,3704462
10,10,100,1,0,8,200,560,18,48077650,0,0,0,0,63300648,58525424,103265135,0,0,0,0,119328958,135328725,6316049,0,0,0,0,7091655,7233461,3472062,0,0,0,0,4066611,3740850
10,10,100,1,0,8,200,564,18,51486903,0,0,0,0,64686030,61021676,106665135,0,0,0,0,122528958,138528725,6356121,0,0,0,0,7085337,7325032,3663515,0,0,0,0,4156123,3783168
10,10,100,1,0,8,200,568,18,49146612,0,0,0,0,64552663,59809853,104665135,0,0,0,0,120728958,136728725,6375236,0,0,0,0,7109213,7333862,3539355,0,0,0,0,4131341,3797058
10,10,100,1,0,8,200,572,18,53027836,0,0,0,0,65523508,60560498,108065135,0,0,0,0,123928958,139928725,6407866,0,0,0,0,7166668,7368783,3702363,0,0,0,0,4202681,3828407
10,10,100,1,0,8,200,576,18,50406158,0,0,0,0,68422946,60802319,106065135,0,0,0,0,122128958,138128726,6469023,0,0,0,0,7261253,7458790,3591594,0,0,0,0,4192958,3861904
10,10,100,1,0,8,200,580,19,52621055,0,0,0,0,69737341,61973410,109465135,0,0,0,0,125328958,142128726,6501169,0,0,0,0,7249044,7482538,3730430,0,0,0,0,4348060,3888040
10,10,100,1,0,8,200,584,19,50030860,0,0,0,0,69039560,62105761,107465135,0,0,0,0,123528958,140328725,6561107,0,0,0,0,7320382,7557050,3680207,0,0,0,0,4337200,3936157
10,10,100,1,0,8,200,588,19,54456530,0,0,0,0,71064239,63292428,110865136,0,0,0,0,126728959,143528726,6672855,0,0,0,0,7444047,7574371,3878903,0,0,0,0,4569531,4045338
10,10,100,1,0,8,200,592,19,50652067,0,0,0,0,70468698,62380555,108865135,0,0,0,0,124928958,141728726,6625026,0,0,0,0,7373515,7581359,3707398,0,0,0,0,4382406,3968654
10,10,100,1,0,8,200,596,19,54355056,0,0,0,0,70948484,63949426,112265136,0,0,0,0,128128959,144928726,6802710,0,0,0,0,7563344,7665138,3918849,0,0,0,0,4510093,4057749
10,10,100,1,0,8,200,600,19,53195812,0,0,0,0,70382836,63432804,110265135,0,0,0,0,126328958,143128726,6768763,0,0,0,0,7465259,7697346,3863226,0,0,0,0,4385707,4039793
10,10,100,1,0,8,200,604,19,56917539,0,0,0,0,70375620,66485558,113665137,0,0,0,0,129528960,146328727,6903832,0,0,0,0,7640052,7820145,4005742,0,0,0,0,4550248,4128825
10,10,100,1,0,8,200,608,19,53878924,0,0,0,0,71235967,65463523,111665135,0,0,0,0,127728958,144528726,6815506,0,0,0,0,7575678,7746854,3904537,0,0,0,0,4458868,4130125
10,10,100,1,0,8,200,612,20,58069516,0,0,0,0,71341232,69061499,115065137,0,0,0,0,130928960,148528727,6958060,0,0,0,0,7729379,7981073,4120784,0,0,0,0,4617968,4170861
10,10,100,1,0,8,200,616,20,54645646,0,0,0,0,72890398,65125037,113065135,0,0,0,0,129128958,146728726,6979220,0,0,0,0,7654581,7970160,3970554,0,0,0,0,4550289,4117004
10,10,100,1,0,8,200,620,20,60214625,0,0,0,0,73207801,69028280,116465137,0,0,0,0,132328960,149928727,7064624,0,0,0,0,7830351,8087946,4233993,0,0,0,0,4716510,4277178
10,10,100,1,0,8,200,624,20,55593538,0,0,0,0,72322442,66062946,114465135,0,0,0,0,130528959,148128726,7077423,0,0,0,0,7764106,8049351,3899599,0,0,0,0,4550714,4160616
10,10,100,1,0,8,200,628,20,61631319,0,0,0,0,73475672,68598383,117865136,0,0,0,0,133728959,151328727,7069442,0,0,0,0,7949734,8236799,4329643,0,0,0,0,4738807,4278027
10,10,100,1,0,8,200,632,20,55487803,0,0,0,0,72927800,66734336,115865135,0,0,0,0,131928958,149528726,7177336,0,0,0,0,7897983,8224305,3993734,0,0,0,0,4583232,4167526
10,10,100,1,0,8,200,636,20,61640731,0,0,0,0,77482602,70347227,119265137,0,0,0,0,135128960,152728727,7205537,0,0,0,0,7984258,8136972,4361155,0,0,0,0,4862218,4453919
10,10,100,1,0,8,200,640,20,57349736,0,0,0,0,74155044,68627061,117265135,0,0,0,0,133328958,150928725,7233885,0,0,0,0,7973551,8194087,4096596,0,0,0,0,4628333,4310773
10,10,100,1,0,8,200,644,21,63040365,0,0,0,0,75047306,70607170,120665136,0,0,0,0,136528959,154928726,7117953,0,0,0,0,7985147,8149666,4269938,0,0,0,0,4708428,4386265
10,10,100,1,0,8,200,648,21,57304729,0,0,0,0,74781029,69875710,118665135,0,0,0,0,134728959,153128726,7337781,0,0,0,0,8015170,8251078,4118821,0,0,0,0,4722430,4398671
10,10,100,1,0,8,200,652,21,64694157,0,0,0,0,76084377,70278900,122065136,0,0,0,0,137928959,156328726,7154794,0,0,0,0,8082380,8368048,4409523,0,0,0,0,4787835,4368109
10,10,100,1,0,8,200,656,21,57411634,0,0,0,0,75042728,70097362,120065135,0,0,0,0,136128959,154528726,7460054,0,0,0,0,8175784,8446774,4110940,0,0,0,0,4711914,4396273
10,10,100,1,0,8,200,660,21,65051984,0,0,0,0,76254729,71662395,123465136,0,0,0,0,139328959,157728726,7225341,0,0,0,0,8145514,8497116,4454136,0,0,0,0,4824347,4495989
10,10,100,1,0,8,200,664,21,58674501,0,0,0,0,75253362,71726196,121465135,0,0,0,0,137528959,155928726,7520622,0,0,0,0,8235905,8533490,4217563,0,0,0,0,4736031,4498765
10,10,100,1,0,8,200,668,21,65940624,0,0,0,0,78089784,72595801,124865136,0,0,0,0,140728959,159128726,7328662,0,0,0,0,8248582,8696203,4503938,0,0,0,0,4863539,4411966
10,10,100,1,0,8,200,672,21,58973190,0,0,0,0,76407579,72269754,122865136,0,0,0,0,138928959,157328726,7566109,0,0,0,0,8336732,8635602,4202353,0,0,0,0,4776385,4492717
10,10,100,1,0,8,200,676,22,66970435,0,0,0,0,78178247,73870152,126265136,0,0,0,0,142128959,161328726,7524287,0,0,0,0,8426475,8813387,4632312,0,0,0,0,5005296,4637327
10,10,100,1,0,8,200,680,22,60489022,0,0,0,0,73305609,74247636,124265135,0,0,0,0,140328959,159528726,7750222,0,0,0,0,8252704,8830028,4437185,0,0,0,0,4924974,4613369
10,10,100,1,0,8,200,684,22,70485306,0,0,0,0,78411162,70634883,127665136,0,0,0,0,143528959,162728726,7711872,0,0,0,0,8441652,8667600,4513932,0,0,0,0,5106371,4852247
10,10,100,1,0,8,200,688,22,61126678,0,0,0,0,75602308,72487238,125665136,0,0,0,0,141728959,160928726,7729417,0,0,0,0,8496051,9021673,4402794,0,0,0,0,4920542,4557679
10,10,100,1,0,8,200,692,22,68607430,0,0,0,0,76587792,75229766,129065136,0,0,0,0,144928959,164128726,7698800,0,0,0,0,8468056,8781767,4605309,0,0,0,0,5024747,4766482
10,10,100,1,0,8,200,696,22,62580223,0,0,0,0,75576007,74792611,127065136,0,0,0,0,143128959,162328726,7837582,0,0,0,0,8544222,8977000,4463899,0,0,0,0,4914456,4608865
10,10,100,1,0,8,200,700,22,68767900,0,0,0,0,77143241,76294600,130465136,0,0,0,0,146328959,165528726,7773070,0,0,0,0,8553681,9016776,4640469,0,0,0,0,5029286,4727566
10,10,100,1,0,8,200,704,22,63613435,0,0,0,0,76838566,76437406,128465136,0,0,0,0,144528960,163728726,7935904,0,0,0,0,8675681,8929777,4463675,0,0,0,0,4984831,4779863
10,10,100,1,0,8,200,708,23,69707288,0,0,0,0,79366051,77790020,131865137,0,0,0,0,147728959,167728727,7891275,0,0,0,0,8705198,9258613,4649470,0,0,0,0,5090672,4682412
10,10,100,1,0,8,200,712,23,60740211,0,0,0,0,77256703,77246073,129865136,0,0,0,0,145928959,165928727,7927057,0,0,0,0,8663161,9056567,4475954,0,0,0,0,5071533,4820522
10,10,100,1,0,8,200,716,23,66847378,0,0,0,0,78800135,78273288,133265136,0,0,0,0,149128959,169128726,8063471,0,0,0,0,8698649,9090995,4612085,0,0,0,0,5159828,4847443
10,10,100,1,0,8,200,720,23,61361310,0,0,0,0,78185108,79774160,131265136,0,0,0,0,147328959,167328727,8131348,0,0,0,0,8850200,9271923,4612927,0,0,0,0,5262592,5012742
10,10,100,1,0,8,200,724,23,68456776,0,0,0,0,79219103,79439535,134665136,0,0,0,0,150528959,170528726,8394938,0,0,0,0,9156807,9513870,4853513,0,0,0,0,5431933,5083712
10,10,100,1,0,8,200,728,23,61892714,0,0,0,0,83701320,79951208,132665137,0,0,0,0,148728960,168728728,8223010,0,0,0,0,8948193,9307660,4629660,0,0,0,0,5452512,5051480
10,10,100,1,0,8,200,732,23,68848308,0,0,0,0,80370202,81399978,136065136,0,0,0,0,151928959,171928727,8221385,0,0,0,0,8896437,9278874,4685344,0,0,0,0,5174052,4964253
10,10,100,1,0,8,200,736,23,65060394,0,0,0,0,81478555,82013346,134065137,0,0,0,0,150128961,170128728,8308476,0,0,0,0,9080293,9501627,4811347,0,0,0,0,5385686,5091147
10,10,100,1,0,8,200,740,24,69852047,0,0,0,0,81198240,81615881,137465136,0,0,0,0,153328959,174128727,8314363,0,0,0,0,9059687,9509279,4737294,0,0,0,0,5246544,4953413
10,10,100,1,0,8,200,744,24,63750105,0,0,0,0,80389978,81357592,135465136,0,0,0,0,151528959,172328726,8257102,0,0,0,0,9014415,9587921,4682315,0,0,0,0,5292971,4928785
10,10,100,1,0,8,200,748,24,70571123,0,0,0,0,81917541,83303427,138865136,0,0,0,0,154728959,175528727,8628564,0,0,0,0,9441435,9732834,5016207,0,0,0,0,5625817,5322065
10,10,100,1,0,8,200,752,24,63703438,0,0,0,0,81518268,82747328,136865137,0,0,0,0,152928960,173728728,8508836,0,0,0,0,9291244,9655094,4778362,0,0,0,0,5486949,5163233
10,10,100,1,0,8,200,756,24,73010378,0,0,0,0,82262638,83383688,140265137,0,0,0,0,156128959,176928727,8685389,0,0,0,0,9560334,9925096,5063946,0,0,0,0,5655609,5263307
10,10,100,1,0,8,200,760,24,65259243,0,0,0,0,84831752,85878978,138265137,0,0,0,0,154328961,175128728,8585064,0,0,0,0,9404177,9801192,4938058,0,0,0,0,5593287,5224133
10,10,100,1,0,8,200,764,24,74026579,0,0,0,0,89997568,87500414,141665137,0,0,0,0,157528959,178328727,8652158,0,0,0,0,9344995,9799246,4983388,0,0,0,0,5636545,5146154
10,10,100,1,0,8,200,768,24,65226471,0,0,0,0,86075388,86360319,139665136,0,0,0,0,155728959,176528727,8864517,0,0,0,0,9794535,9834583,5079076,0,0,0,0,5779555,5218451
10,10,100,1,0,8,200,772,25,75102149,0,0,0,0,87193779,89388366,143065137,0,0,0,0,158928959,180528727,8637410,0,0,0,0,9353589,9850642,5011586,0,0,0,0,5551943,5239743
10,10,100,1,0,8,200,776,25,66158270,0,0,0,0,86274077,87841635,141065136,0,0,0,0,157128959,178728727,8955117,0,0,0,0,9797505,10120471,5097205,0,0,0,0,5821474,5437287
10,10,100,1,0,8,200,780,25,75614984,0,0,0,0,87645106,90905732,144465137,0,0,0,0,160328960,181928727,8663884,0,0,0,0,9435297,10020795,5086703,0,0,0,0,5577166,5280471
10,10,100,1,0,8,200,784,25,67146035,0,0,0,0,86823033,88641518,142465136,0,0,0,0,158528959,180128727,9035905,0,0,0,0,9891167,10287144,5225115,0,0,0,0,5861234,5460916
10,10,100,1,0,8,200,788,25,77591922,0,0,0,0,89259867,90296938,145865137,0,0,0,0,161728960,183328727,8723131,0,0,0,0,9598729,9915648,5120390,0,0,0,0,5688960,5350644
10,10,100,1,0,8,200,792,25,67924202,0,0,0,0,87931094,89554961,143865136,0,0,0,0,159928960,181528727,9103496,0,0,0,0,9972741,10379372,5255040,0,0,0,0,5934778,5517228
10,10,100,1,0,8,200,796,25,77190756,0,0,0,0,90978928,92070327,147265137,0,0,0,0,163128959,184728728,8846497,0,0,0,0,9612361,10097404,5161591,0,0,0,0,5721215,5398303
10,10,100,1,0,8,200,800,25,68336205,0,0,0,0,89168225,90234608,145265136,0,0,0,0,161328959,182928727,9242608,0,0,0,0,10126757,10493520,5255703,0,0,0,0,5952870,5520187
10,10,100,1,0,8,200,804,26,78703301,0,0,0,0,91066621,93161162,148665137,0,0,0,0,164528960,186928728,8941536,0,0,0,0,9731497,10259107,5245841,0,0,0,0,5791367,5359972
10,10,100,1,0,8,200,808,26,69433402,0,0,0,0,89068849,91835381,146665136,0,0,0,0,162728959,185128727,9287678,0,0,0,0,10126328,10543402,5373809,0,0,0,0,5963578,5572573
10,10,100,1,0,8,200,812,26,79287348,0,0,0,0,90554284,94374176,150065137,0,0,0,0,165928960,188328728,8905127,0,0,0,0,9844197,10492540,5323624,0,0,0,0,5714588,5302477
10,10,100,1,0,8,200,816,26,69675096,0,0,0,0,89924527,92530472,148065136,0,0,0,0,164128960,186528727,9072995,0,0,0,0,9844238,10374524,5195223,0,0,0,0,5758146,5368030
10,10,100,1,0,8,200,820,26,82609053,0,0,0,0,92572793,95867364,151465137,0,0,0,0,167328960,189728727,9284634,0,0,0,0,10391414,10455602,5569060,0,0,0,0,6144861,5884695
10,10,100,1,0,8,200,824,26,70411066,0,0,0,0,91486370,93508623,149465136,0,0,0,0,165528960,187928727,9159060,0,0,0,0,9958950,10443970,5231471,0,0,0,0,5871481,5499585
10,10,100,1,0,8,200,828,26,81949932,0,0,0,0,93817752,95510326,152865137,0,0,0,0,168728960,191128727,9260349,0,0,0,0,10442146,10826768,5645146,0,0,0,0,6250528,5630833
10,10,100,1,0,8,200,832,26,71741291,0,0,0,0,91527178,94361482,150865137,0,0,0,0,166928960,189328728,9216965,0,0,0,0,10093410,10535616,5307039,0,0,0,0,5812124,5454640
10,10,100,1,0,8,200,836,27,84087033,0,0,0,0,92825992,98716328,154265137,0,0,0,0,170128960,193328728,9264838,0,0,0,0,10159938,10491108,5470728,0,0,0,0,5887309,5569413
10,10,100,1,0,8,200,840,27,71661503,0,0,0,0,92223043,96592022,152265136,0,0,0,0,168328960,191528728,9628538,0,0,0,0,10545347,10826487,5584630,0,0,0,0,6240761,5847019
10,10,100,1,0,8,200,844,27,82341390,0,0,0,0,93522844,98079781,155665137,0,0,0,0,171528960,194728728,9295001,0,0,0,0,10231891,10704052,5496624,0,0,0,0,5985991,5550293
10,10,100,1,0,8,200,848,27,73898388,0,0,0,0,92832993,97330897,153665136,0,0,0,0,169728960,192928728,9727523,0,0,0,0,10669665,10921031,5649230,0,0,0,0,6276552,5907266
10,10,100,1,0,8,200,852,27,82676995,0,0,0,0,94664301,100064951,157065137,0,0,0,0,172928960,196128728,9294316,0,0,0,0,10329427,10811388,5573505,0,0,0,0,6020062,5601483
10,10,100,1,0,8,200,856,27,73153642,0,0,0,0,96689012,98002166,155065137,0,0,0,0,171128960,194328728,9828846,0,0,0,0,10718122,11035447,5693424,0,0,0,0,6392563,5867899
10,10,100,1,0,8,200,860,27,83092337,0,0,0,0,95062996,99949807,158465137,0,0,0,0,174328960,197528727,9086804,0,0,0,0,10366018,10886547,5645611,0,0,0,0,6106463,5684922
10,10,100,1,0,8,200,864,27,73624400,0,0,0,0,96312811,100174845,156465137,0,0,0,0,172528960,195728728,9944762,0,0,0,0,10882518,11186528,5724413,0,0,0,0,6428150,5963202
10,10,100,1,0,8,200,868,28,85787426,0,0,0,0,95788626,101928467,159865137,0,0,0,0,175728960,199728728,9432668,0,0,0,0,10505731,10829462,5690865,0,0,0,0,6081178,5703218
10,10,100,1,0,8,200,872,28,74283706,0,0,0,0,95567188,100843197,157865137,0,0,0,0,173928960,197928728,10029677,0,0,0,0,10937264,11220417,5808436,0,0,0,0,6461956,5994976
10,10,100,1,0,8,200,876,28,84169640,0,0,0,0,97230850,103025696,161265137,0,0,0,0,177128960,201128728,9276300,0,0,0,0,10556798,10973344,5764122,0,0,0,0,6261916,5805443
10,10,100,1,0,8,200,880,28,75597507,0,0,0,0,96247416,100902770,159265137,0,0,0,0,175328960,199328728,10063318,0,0,0,0,11021266,11252252,5864152,0,0,0,0,6485327,6065565
10,10,100,1,0,8,200,884,28,85435435,0,0,0,0,98172441,103783011,162665137,0,0,0,0,178528960,202528728,9603325,0,0,0,0,10658260,11080784,5763135,0,0,0,0,6270937,5879236
10,10,100,1,0,8,200,888,28,75744219,0,0,0,0,97373307,102381852,160665137,0,0,0,0,176728960,200728728,10169745,0,0,0,0,11050056,11269210,5853097,0,0,0,0,6521024,6046569
10,10,100,1,0,8,200,892,28,85908793,0,0,0,0,98391028,105120526,164065137,0,0,0,0,179928960,203928728,9617034,0,0,0,0,10761817,11158817,5822431,0,0,0,0,6244009,5844560
10,10,100,1,0,8,200,896,28,76434145,0,0,0,0,98070602,103352050,162065137,0,0,0,0,178128960,202128728,9947712,0,0,0,0,10808436,11202203,5659285,0,0,0,0,6246682,5830896
10,10,100,1,0,8,200,900,29,86856358,0,0,0,0,99161994,108684831,165465139,0,0,0,0,181328961,206128730,9807927,0,0,0,0,10992428,11224155,6030539,0,0,0,0,6524147,6104337
10,10,100,1,0,8,200,904,29,76943535,0,0,0,0,100326147,105410364,163465137,0,0,0,0,179528960,204328728,10395854,0,0,0,0,11300062,11470407,6008640,0,0,0,0,6697886,6191319
10,10,100,1,0,8,200,908,29,87271670,0,0,0,0,99955041,107123489,166865138,0,0,0,0,182728960,207528729,9692396,0,0,0,0,10927737,11217435,5971707,0,0,0,0,6401808,5966154
10,10,100,1,0,8,200,912,29,78820684,0,0,0,0,99219029,104943330,164865137,0,0,0,0,180928960,205728728,10359180,0,0,0,0,11272378,11569058,5950105,0,0,0,0,6619288,6106780
10,10,100,1,0,8,200,916,29,87728551,0,0,0,0,100543687,108079081,168265138,0,0,0,0,184128960,208928728,9811810,0,0,0,0,10990048,11349577,5958419,0,0,0,0,6472186,6087025
10,10,100,1,0,8,200,920,29,77844163,0,0,0,0,99766237,106715200,166265137,0,0,0,0,182328960,207128728,10586617,0,0,0,0,11485126,11737167,6054727,0,0,0,0,6755964,6242926
10,10,100,1,0,8,200,924,29,87422226,0,0,0,0,101385487,110100635,169665137,0,0,0,0,185528960,210328729,9931101,0,0,0,0,11107490,11379006,5986913,0,0,0,0,6532244,6143713
10,10,100,1,0,8,200,928,29,78827428,0,0,0,0,100595124,108986486,167665137,0,0,0,0,183728960,208528729,10686905,0,0,0,0,11620922,11753047,6171706,0,0,0,0,6759134,6342010
10,10,100,1,0,8,200,932,30,88655371,0,0,0,0,102429995,110239824,171065137,0,0,0,0,186928960,212528729,9952670,0,0,0,0,11206852,11570178,6110720,0,0,0,0,6547043,6078517
10,10,100,1,0,8,200,936,30,79105280,0,0,0,0,101900260,109703728,169065137,0,0,0,0,185128960,210728729,10768859,0,0,0,0,11669921,11881256,6148929,0,0,0,0,6868806,6355684
10,10,100,1,0,8,200,940,30,88740085,0,0,0,0,103236214,113028511,172465137,0,0,0,0,188328960,213928729,10037439,0,0,0,0,11326620,11581009,6109722,0,0,0,0,6596279,6176578
10,10,100,1,0,8,200,944,30,79974472,0,0,0,0,102016334,112117909,170465137,0,0,0,0,186528960,212128728,10884905,0,0,0,0,11791547,11850893,6221420,0,0,0,0,6884204,6460487
10,10,100,1,0,8,200,948,30,88922580,0,0,0,0,104083952,113109719,173865137,0,0,0,0,189728960,215328729,10060119,0,0,0,0,11404914,11756474,6212929,0,0,0,0,6672762,6271198
10,10,100,1,0,8,200,952,30,80542160,0,0,0,0,102928049,111373360,171865137,0,0,0,0,187928960,213528728,10686343,0,0,0,0,11565726,11760315,6094523,0,0,0,0,6830244,6391311
10,10,100,1,0,8,200,956,30,91673610,0,0,0,0,104436047,113776829,175265138,0,0,0,0,191128961,216728730,10380255,0,0,0,0,11716054,12008776,6350331,0,0,0,0,6925451,6377489
10,10,100,1,0,8,200,960,30,80309456,0,0,0,0,105250689,112243610,173265137,0,0,0,0,189328960,214928729,10844932,0,0,0,0,11734715,12008949,6150447,0,0,0,0,6851669,6410490
10,10,100,1,0,8,200,964,31,90074890,0,0,0,0,105219292,115610191,176665138,0,0,0,0,192528961,218928729,10531652,0,0,0,0,11840959,11985114,6396844,0,0,0,0,6913237,6513135
10,10,100,1,0,8,200,968,31,83535016,0,0,0,0,104326448,114841820,174665138,0,0,0,0,190728961,217128730,10960280,0,0,0,0,11772339,11956403,6271283,0,0,0,0,6845943,6501911
10,10,100,1,0,8,200,972,31,90864713,0,0,0,0,107752097,116964069,178065138,0,0,0,0,193928960,220328729,10367921,0,0,0,0,11655809,11872419,6305149,0,0,0,0,6873479,6435338
10,10,100,1,0,8,200,976,31,82875591,0,0,0,0,105638008,115564947,176065137,0,0,0,0,192128961,218528728,10827517,0,0,0,0,11648297,11942704,6139120,0,0,0,0,6771912,6415107
10,10,100,1,0,8,200,980,31,91670543,0,0,0,0,107087600,118098263,179465138,0,0,0,0,195328961,221728729,10808394,0,0,0,0,12194499,12287222,6641521,0,0,0,0,7165993,6649979
10,10,100,1,0,8,200,984,31,82952065,0,0,0,0,106163945,115737946,177465137,0,0,0,0,193528961,219928729,10977191,0,0,0,0,11816246,12113667,6194667,0,0,0,0,6810806,6457260
10,10,100,1,0,8,200,988,31,91074508,0,0,0,0,107459726,118251024,180865138,0,0,0,0,196728961,223128729,10864738,0,0,0,0,12165508,12334665,6592908,0,0,0,0,7067182,6634171
10,10,100,1,0,8,200,992,31,82909776,0,0,0,0,107069759,117409162,178865138,0,0,0,0,194928962,221328731,11188512,0,0,0,0,12023863,12286917,6350914,0,0,0,0,7053209,6616401
10,10,100,1,0,8,200,996,32,90063704,0,0,0,0,108281846,121659770,182265138,0,0,0,0,198128961,225328729,11191912,0,0,0,0,12496023,12354886,6763542,0,0,0,0,7243594,6822497
10,10,100,1,0,8,200,1000,32,84278117,0,0,0,0,107661540,120057257,180265137,0,0,0,0,196328961,223528729,11143608,0,0,0,0,11972196,12122820,6310484,0,0,0,0,6931045,6573200
10,10,100,1,0,8,200,1004,32,90970799,0,0,0,0,109003244,121191329,183665138,0,0,0,0,199528961,226728729,11217216,0,0,0,0,12606207,12610045,6841399,0,0,0,0,7268297,6838655
10,10,100,1,0,8,200,1008,32,84729907,0,0,0,0,109908493,120534496,181665137,0,0,0,0,197728961,224928729,11327328,0,0,0,0,12252819,12397253,6478191,0,0,0,0,7155657,6770351
10,10,100,1,0,8,200,1012,32,90523526,0,0,0,0,109423088,123985178,185065139,0,0,0,0,200928962,228128731,11017567,0,0,0,0,12330862,12302693,6722836,0,0,0,0,7149829,6732078
10,10,100,1,0,8,200,1016,32,86181808,0,0,0,0,109115925,124133346,183065137,0,0,0,0,199128961,226328729,11710717,0,0,0,0,12623716,12496821,6695066,0,0,0,0,7312761,6889630
10,10,100,1,0,8,200,1020,32,87665090,0,0,0,0,109644550,129077300,186465137,0,0,0,0,202328961,229528730,11578050,0,0,0,0,12398672,12416388,6519282,0,0,0,0,7137778,6730909
10,10,100,1,0,8,200,1024,32,86500752,0,0,0,0,115857144,126954475,184465137,0,0,0,0,200528962,227728730,11801504,0,0,0,0,11663675,12375276,6685834,0,0,0,0,7275283,6424851
